,num_iterations,updates,energy
0,1,1,-1436.390625
1,1,2,-1436.390625
2,1,3,-1436.390625
3,1,4,-1436.390625
4,1,5,-1436.390625
5,1,6,-1436.390625
6,1,7,-1436.390625
7,1,8,-1436.390625
8,1,9,-1436.390625
9,1,10,-1436.390625
10,1,11,-1436.390625
11,1,12,-1436.390625
12,1,13,-1436.390625
13,1,14,-1436.390625
14,1,15,-1436.390625
15,1,16,-1436.390625
16,1,17,-1436.390625
17,1,18,-1436.390625
18,1,19,-1436.390625
19,1,20,-1436.390625
20,1,21,-1436.390625
21,1,22,-1436.390625
22,1,23,-1436.390625
23,1,24,-1436.390625
24,1,25,-1436.390625
25,1,26,-1436.390625
26,1,27,-1436.390625
27,1,28,-1436.390625
28,1,29,-1436.390625
29,1,30,-1436.390625
30,1,31,-1436.390625
31,1,32,-1436.390625
32,1,33,-1436.390625
33,1,34,-1436.390625
34,1,35,-1436.390625
35,1,36,-1436.390625
36,1,37,-1436.390625
37,1,38,-1436.390625
38,1,39,-1436.390625
39,1,40,-1436.390625
40,1,41,-1436.390625
41,1,42,-1436.390625
42,1,43,-1436.390625
43,1,44,-1436.390625
44,1,45,-1436.390625
45,1,46,-1436.390625
46,1,47,-1436.390625
47,1,48,-1436.390625
48,1,49,-1436.390625
49,1,50,-1436.390625
50,1,51,-1436.390625
51,1,52,-1436.390625
52,1,53,-1436.390625
53,1,54,-1436.390625
54,1,55,-1436.390625
55,1,56,-1436.390625
56,1,57,-1436.390625
57,1,58,-1436.390625
58,1,59,-1436.390625
59,1,60,-1436.390625
60,1,61,-1436.390625
61,1,62,-1436.390625
62,1,63,-1436.390625
63,1,64,-1436.390625
64,1,65,-1436.390625
65,1,66,-1436.390625
66,1,67,-1436.390625
67,1,68,-1436.390625
68,1,69,-1436.390625
69,1,70,-1436.390625
70,1,71,-1436.390625
71,1,72,-1436.390625
72,1,73,-1436.390625
73,1,74,-1436.390625
74,1,75,-1436.390625
75,1,76,-1436.390625
76,1,77,-1436.390625
77,1,78,-1436.390625
78,1,79,-1436.390625
79,1,80,-1436.390625
80,1,81,-1436.390625
81,1,82,-1436.390625
82,1,83,-1436.390625
83,1,84,-1436.390625
84,1,85,-1436.390625
85,1,86,-1436.390625
86,1,87,-1436.390625
87,1,88,-1436.390625
88,1,89,-1436.390625
89,1,90,-1436.390625
90,1,91,-1436.390625
91,1,92,-1436.390625
92,1,93,-1436.390625
93,1,94,-1436.390625
94,1,95,-1436.390625
95,1,96,-1436.390625
96,1,97,-1436.390625
97,1,98,-1436.390625
98,1,99,-1436.390625
99,1,100,-1436.390625
100,1,101,-1436.390625
101,1,102,-1436.390625
102,1,103,-1436.390625
103,1,104,-1436.390625
104,1,105,-1436.390625
105,1,106,-1436.390625
106,1,107,-1436.390625
107,1,108,-1436.390625
108,1,109,-1436.390625
109,1,110,-1436.390625
110,1,111,-1436.390625
111,1,112,-1436.390625
112,1,113,-1436.390625
113,1,114,-1436.390625
114,1,115,-1436.390625
115,1,116,-1436.390625
116,1,117,-1436.390625
117,1,118,-1436.390625
118,1,119,-1436.390625
119,1,120,-1436.390625
120,1,121,-1436.390625
121,1,122,-1436.390625
122,1,123,-1436.390625
123,1,124,-1436.390625
124,1,125,-1436.390625
125,1,126,-1436.390625
126,1,127,-1436.390625
127,1,128,-1436.390625
128,1,129,-1436.390625
129,1,130,-1436.390625
130,1,131,-1436.390625
131,1,132,-1436.390625
132,1,133,-1436.390625
133,1,134,-1436.390625
134,1,135,-1436.390625
135,1,136,-1436.390625
136,1,137,-1436.390625
137,1,138,-1436.390625
138,1,139,-1436.390625
139,1,140,-1436.390625
140,1,141,-1436.390625
141,1,142,-1436.390625
142,1,143,-1436.390625
143,1,144,-1436.390625
144,1,145,-1436.390625
145,1,146,-1436.390625
146,1,147,-1436.390625
147,1,148,-1436.390625
148,1,149,-1436.390625
149,1,150,-1436.390625
150,1,151,-1436.390625
151,1,152,-1436.390625
152,1,153,-1436.390625
153,1,154,-1436.390625
154,1,155,-1436.390625
155,1,156,-1436.390625
156,1,157,-1436.390625
157,1,158,-1436.390625
158,1,159,-1436.390625
159,1,160,-1436.390625
160,1,161,-1436.390625
161,1,162,-1436.390625
162,1,163,-1436.390625
163,1,164,-1436.390625
164,1,165,-1436.390625
165,1,166,-1436.390625
166,1,167,-1436.390625
167,1,168,-1436.390625
168,1,169,-1436.390625
169,1,170,-1436.390625
170,1,171,-1436.390625
171,1,172,-1436.390625
172,1,173,-1436.390625
173,1,174,-1436.390625
174,1,175,-1436.390625
175,1,176,-1436.390625
176,1,177,-1436.390625
177,1,178,-1436.390625
178,1,179,-1436.390625
179,1,180,-1436.390625
180,1,181,-1436.390625
181,1,182,-1436.390625
182,1,183,-1436.390625
183,1,184,-1436.390625
184,1,185,-1436.390625
185,1,186,-1436.390625
186,1,187,-1436.390625
187,1,188,-1436.390625
188,1,189,-1436.390625
189,1,190,-1436.390625
190,1,191,-1436.390625
191,1,192,-1436.390625
192,1,193,-1436.390625
193,1,194,-1436.390625
194,1,195,-1436.390625
195,1,196,-1436.390625
196,1,197,-1436.390625
197,1,198,-1436.390625
198,1,199,-1436.390625
199,1,200,-1436.390625
200,1,201,-1436.390625
201,1,202,-1436.390625
202,1,203,-1436.390625
203,1,204,-1436.390625
204,1,205,-1436.390625
205,1,206,-1436.390625
206,1,207,-1436.390625
207,1,208,-1436.390625
208,1,209,-1436.390625
209,1,210,-1436.390625
210,1,211,-1436.390625
211,1,212,-1436.390625
212,1,213,-1436.390625
213,1,214,-1436.390625
214,1,215,-1436.390625
215,1,216,-1436.390625
216,1,217,-1436.390625
217,1,218,-1436.390625
218,1,219,-1436.390625
219,1,220,-1436.390625
220,1,221,-1436.390625
221,1,222,-1436.390625
222,1,223,-1436.390625
223,1,224,-1436.390625
224,1,225,-1436.390625
225,1,226,-1436.390625
226,1,227,-1436.390625
227,1,228,-1436.390625
228,1,229,-1436.390625
229,1,230,-1436.390625
230,1,231,-1436.390625
231,1,232,-1436.390625
232,1,233,-1436.390625
233,1,234,-1436.390625
234,1,235,-1436.390625
235,1,236,-1436.390625
236,1,237,-1436.390625
237,1,238,-1436.390625
238,1,239,-1436.390625
239,1,240,-1436.390625
240,1,241,-1436.390625
241,1,242,-1436.390625
242,1,243,-1436.390625
243,1,244,-1436.390625
244,1,245,-1436.390625
245,1,246,-1436.390625
246,1,247,-1436.390625
247,1,248,-1436.390625
248,1,249,-1436.390625
249,1,250,-1436.390625
250,1,251,-1436.390625
251,1,252,-1436.390625
252,1,253,-1436.390625
253,1,254,-1436.390625
254,1,255,-1436.390625
255,1,256,-1436.390625
256,1,257,-1436.390625
257,1,258,-1436.390625
258,1,259,-1436.390625
259,1,260,-1436.390625
260,1,261,-1436.390625
261,1,262,-1436.390625
262,1,263,-1436.390625
263,1,264,-1436.390625
264,1,265,-1436.390625
265,1,266,-1436.390625
266,1,267,-1436.390625
267,1,268,-1436.390625
268,1,269,-1436.390625
269,1,270,-1436.390625
270,1,271,-1436.390625
271,1,272,-1436.390625
272,1,273,-1436.390625
273,1,274,-1436.390625
274,1,275,-1436.390625
275,1,276,-1436.390625
276,1,277,-1436.390625
277,1,278,-1436.390625
278,1,279,-1436.390625
279,1,280,-1436.390625
280,1,281,-1436.390625
281,1,282,-1436.390625
282,1,283,-1436.390625
283,1,284,-1436.390625
284,1,285,-1436.390625
285,1,286,-1436.390625
286,1,287,-1436.390625
287,1,288,-1436.390625
288,1,289,-1436.390625
289,1,290,-1436.390625
290,1,291,-1436.390625
291,1,292,-1436.390625
292,1,293,-1436.390625
293,1,294,-1436.390625
294,1,295,-1436.390625
295,1,296,-1436.390625
296,1,297,-1436.390625
297,1,298,-1436.390625
298,1,299,-1436.390625
299,1,300,-1436.390625
300,1,301,-1436.390625
301,1,302,-1436.390625
302,1,303,-1436.390625
303,1,304,-1436.390625
304,1,305,-1436.390625
305,1,306,-1436.390625
306,1,307,-1436.390625
307,1,308,-1436.390625
308,1,309,-1436.390625
309,1,310,-1436.390625
310,1,311,-1436.390625
311,1,312,-1436.390625
312,1,313,-1436.390625
313,1,314,-1436.390625
314,1,315,-1436.390625
315,1,316,-1436.390625
316,1,317,-1436.390625
317,1,318,-1436.390625
318,1,319,-1436.390625
319,1,320,-1436.390625
320,1,321,-1436.390625
321,1,322,-1436.390625
322,1,323,-1436.390625
323,1,324,-1436.390625
324,1,325,-1436.390625
325,1,326,-1436.390625
326,1,327,-1436.390625
327,1,328,-1436.390625
328,1,329,-1436.390625
329,1,330,-1436.390625
330,1,331,-1436.390625
331,1,332,-1436.390625
332,1,333,-1436.390625
333,1,334,-1436.390625
334,1,335,-1436.390625
335,1,336,-1436.390625
336,1,337,-1436.390625
337,1,338,-1436.390625
338,1,339,-1436.390625
339,1,340,-1436.390625
340,1,341,-1436.390625
341,1,342,-1436.390625
342,1,343,-1436.390625
343,1,344,-1436.390625
344,1,345,-1436.390625
345,1,346,-1436.390625
346,1,347,-1436.390625
347,1,348,-1436.390625
348,1,349,-1436.390625
349,1,350,-1436.390625
350,1,351,-1436.390625
351,1,352,-1436.390625
352,1,353,-1436.390625
353,1,354,-1436.390625
354,1,355,-1436.390625
355,1,356,-1436.390625
356,1,357,-1436.390625
357,1,358,-1436.390625
358,1,359,-1436.390625
359,1,360,-1436.390625
360,1,361,-1436.390625
361,1,362,-1436.390625
362,1,363,-1436.390625
363,1,364,-1436.390625
364,1,365,-1436.390625
365,1,366,-1436.390625
366,1,367,-1436.390625
367,1,368,-1436.390625
368,1,369,-1436.390625
369,1,370,-1436.390625
370,1,371,-1436.390625
371,1,372,-1436.390625
372,1,373,-1436.390625
373,1,374,-1436.390625
374,1,375,-1436.390625
375,1,376,-1436.390625
376,1,377,-1436.390625
377,1,378,-1436.390625
378,1,379,-1436.390625
379,1,380,-1436.390625
380,1,381,-1436.390625
381,1,382,-1436.390625
382,1,383,-1436.390625
383,1,384,-1436.390625
384,1,385,-1436.390625
385,1,386,-1436.390625
386,1,387,-1436.390625
387,1,388,-1436.390625
388,1,389,-1436.390625
389,1,390,-1436.390625
390,1,391,-1436.390625
391,1,392,-1436.390625
392,1,393,-1436.390625
393,1,394,-1436.390625
394,1,395,-1436.390625
395,1,396,-1436.390625
396,1,397,-1436.390625
397,1,398,-1436.390625
398,1,399,-1436.390625
399,1,400,-1436.390625
400,1,401,-1436.390625
401,1,402,-1436.390625
402,1,403,-1436.390625
403,1,404,-1436.390625
404,1,405,-1436.390625
405,1,406,-1436.390625
406,1,407,-1436.390625
407,1,408,-1436.390625
408,1,409,-1436.390625
409,1,410,-1436.390625
410,1,411,-1436.390625
411,1,412,-1436.390625
412,1,413,-1436.390625
413,1,414,-1436.390625
414,1,415,-1436.390625
415,1,416,-1436.390625
416,1,417,-1436.390625
417,1,418,-1436.390625
418,1,419,-1436.390625
419,1,420,-1436.390625
420,1,421,-1436.390625
421,1,422,-1436.390625
422,1,423,-1436.390625
423,1,424,-1436.390625
424,1,425,-1436.390625
425,1,426,-1436.390625
426,1,427,-1436.390625
427,1,428,-1436.390625
428,1,429,-1436.390625
429,1,430,-1436.390625
430,1,431,-1436.390625
431,1,432,-1436.390625
432,1,433,-1436.390625
433,1,434,-1436.390625
434,1,435,-1436.390625
435,1,436,-1436.390625
436,1,437,-1436.390625
437,1,438,-1436.390625
438,1,439,-1436.390625
439,1,440,-1436.390625
440,1,441,-1436.390625
441,1,442,-1436.390625
442,1,443,-1436.390625
443,1,444,-1436.390625
444,1,445,-1436.390625
445,1,446,-1436.390625
446,1,447,-1436.390625
447,1,448,-1436.390625
448,1,449,-1436.390625
449,1,450,-1436.390625
450,1,451,-1436.390625
451,1,452,-1436.390625
452,1,453,-1436.390625
453,1,454,-1436.390625
454,1,455,-1436.390625
455,1,456,-1436.390625
456,1,457,-1436.390625
457,1,458,-1436.390625
458,1,459,-1436.390625
459,1,460,-1436.390625
460,1,461,-1436.390625
461,1,462,-1436.390625
462,1,463,-1436.390625
463,1,464,-1436.390625
464,1,465,-1436.390625
465,1,466,-1436.390625
466,1,467,-1436.390625
467,1,468,-1436.390625
468,1,469,-1436.390625
469,1,470,-1436.390625
470,1,471,-1436.390625
471,1,472,-1436.390625
472,1,473,-1436.390625
473,1,474,-1436.390625
474,1,475,-1436.390625
475,1,476,-1436.390625
476,1,477,-1436.390625
477,1,478,-1436.390625
478,1,479,-1436.390625
479,1,480,-1436.390625
480,1,481,-1436.390625
481,1,482,-1436.390625
482,1,483,-1436.390625
483,1,484,-1436.390625
484,1,485,-1436.390625
485,1,486,-1436.390625
486,1,487,-1436.390625
487,1,488,-1436.390625
488,1,489,-1436.390625
489,1,490,-1436.390625
490,1,491,-1436.390625
491,1,492,-1436.390625
492,1,493,-1436.390625
493,1,494,-1436.390625
494,1,495,-1436.390625
495,1,496,-1436.390625
496,1,497,-1436.390625
497,1,498,-1436.390625
498,1,499,-1436.390625
499,1,500,-1436.390625
500,1,501,-1436.390625
501,1,502,-1436.390625
502,1,503,-1436.390625
503,1,504,-1436.390625
504,1,505,-1436.390625
505,1,506,-1436.390625
506,1,507,-1436.390625
507,1,508,-1436.390625
508,1,509,-1436.390625
509,1,510,-1436.390625
510,1,511,-1436.390625
511,1,512,-1436.390625
512,1,513,-1436.390625
513,1,514,-1436.390625
514,1,515,-1436.390625
515,1,516,-1436.390625
516,1,517,-1436.390625
517,1,518,-1436.390625
518,1,519,-1436.390625
519,1,520,-1436.390625
520,1,521,-1436.390625
521,1,522,-1436.390625
522,1,523,-1436.390625
523,1,524,-1436.390625
524,1,525,-1436.390625
525,1,526,-1436.390625
526,1,527,-1436.390625
527,1,528,-1436.390625
528,1,529,-1436.390625
529,1,530,-1436.390625
530,1,531,-1436.390625
531,1,532,-1436.390625
532,1,533,-1436.390625
533,1,534,-1436.390625
534,1,535,-1436.390625
535,1,536,-1436.390625
536,1,537,-1436.390625
537,1,538,-1436.390625
538,1,539,-1436.390625
539,1,540,-1436.390625
540,1,541,-1436.390625
541,1,542,-1436.390625
542,1,543,-1436.390625
543,1,544,-1436.390625
544,1,545,-1436.390625
545,1,546,-1436.390625
546,1,547,-1436.390625
547,1,548,-1436.390625
548,1,549,-1436.390625
549,1,550,-1436.390625
550,1,551,-1436.390625
551,1,552,-1436.390625
552,1,553,-1436.390625
553,1,554,-1436.390625
554,1,555,-1436.390625
555,1,556,-1436.390625
556,1,557,-1436.390625
557,1,558,-1436.390625
558,1,559,-1436.390625
559,1,560,-1436.390625
560,1,561,-1436.390625
561,1,562,-1436.390625
562,1,563,-1436.390625
563,1,564,-1436.390625
564,1,565,-1436.390625
565,1,566,-1436.390625
566,1,567,-1436.390625
567,1,568,-1436.390625
568,1,569,-1436.390625
569,1,570,-1436.390625
570,1,571,-1436.390625
571,1,572,-1436.390625
572,1,573,-1436.390625
573,1,574,-1436.390625
574,1,575,-1436.390625
575,1,576,-1436.390625
576,1,577,-1436.390625
577,1,578,-1436.390625
578,1,579,-1436.390625
579,1,580,-1436.390625
580,1,581,-1436.390625
581,1,582,-1436.390625
582,1,583,-1436.390625
583,1,584,-1436.390625
584,1,585,-1436.390625
585,1,586,-1436.390625
586,1,587,-1436.390625
587,1,588,-1436.390625
588,1,589,-1436.390625
589,1,590,-1436.390625
590,1,591,-1436.390625
591,1,592,-1436.390625
592,1,593,-1436.390625
593,1,594,-1436.390625
594,1,595,-1436.390625
595,1,596,-1436.390625
596,1,597,-1436.390625
597,1,598,-1436.390625
598,1,599,-1436.390625
599,1,600,-1436.390625
600,1,601,-1436.390625
601,1,602,-1436.390625
602,1,603,-1436.390625
603,1,604,-1436.390625
604,1,605,-1436.390625
605,1,606,-1436.390625
606,1,607,-1436.390625
607,1,608,-1436.390625
608,1,609,-1436.390625
609,1,610,-1436.390625
610,1,611,-1436.390625
611,1,612,-1436.390625
612,1,613,-1436.390625
613,1,614,-1436.390625
614,1,615,-1436.390625
615,1,616,-1436.390625
616,1,617,-1436.390625
617,1,618,-1436.390625
618,1,619,-1436.390625
619,1,620,-1436.390625
620,1,621,-1436.390625
621,1,622,-1436.390625
622,1,623,-1436.390625
623,1,624,-1436.390625
624,1,625,-1436.390625
625,1,626,-1436.390625
626,1,627,-1436.390625
627,1,628,-1436.390625
628,1,629,-1436.390625
629,1,630,-1436.390625
630,1,631,-1436.390625
631,1,632,-1436.390625
632,1,633,-1436.390625
633,1,634,-1436.390625
634,1,635,-1436.390625
635,1,636,-1436.390625
636,1,637,-1436.390625
637,1,638,-1436.390625
638,1,639,-1436.390625
639,1,640,-1436.390625
640,1,641,-1436.390625
641,1,642,-1436.390625
642,1,643,-1436.390625
643,1,644,-1436.390625
644,1,645,-1436.390625
645,1,646,-1436.390625
646,1,647,-1436.390625
647,1,648,-1436.390625
648,1,649,-1436.390625
649,1,650,-1436.390625
650,1,651,-1436.390625
651,1,652,-1436.390625
652,1,653,-1436.390625
653,1,654,-1436.390625
654,1,655,-1436.390625
655,1,656,-1436.390625
656,1,657,-1436.390625
657,1,658,-1436.390625
658,1,659,-1436.390625
659,1,660,-1436.390625
660,1,661,-1436.390625
661,1,662,-1436.390625
662,1,663,-1436.390625
663,1,664,-1436.390625
664,1,665,-1436.390625
665,1,666,-1436.390625
666,1,667,-1436.390625
667,1,668,-1436.390625
668,1,669,-1436.390625
669,1,670,-1436.390625
670,1,671,-1436.390625
671,1,672,-1436.390625
672,1,673,-1436.390625
673,1,674,-1436.390625
674,1,675,-1436.390625
675,1,676,-1436.390625
676,1,677,-1436.390625
677,1,678,-1436.390625
678,1,679,-1436.390625
679,1,680,-1436.390625
680,1,681,-1436.390625
681,1,682,-1436.390625
682,1,683,-1436.390625
683,1,684,-1436.390625
684,1,685,-1436.390625
685,1,686,-1436.390625
686,1,687,-1436.390625
687,1,688,-1436.390625
688,1,689,-1436.390625
689,1,690,-1436.390625
690,1,691,-1436.390625
691,1,692,-1436.390625
692,1,693,-1436.390625
693,1,694,-1436.390625
694,1,695,-1436.390625
695,1,696,-1436.390625
696,1,697,-1436.390625
697,1,698,-1436.390625
698,1,699,-1436.390625
699,1,700,-1436.390625
700,1,701,-1436.390625
701,1,702,-1436.390625
702,1,703,-1436.390625
703,1,704,-1436.390625
704,1,705,-1436.390625
705,1,706,-1436.390625
706,1,707,-1436.390625
707,1,708,-1436.390625
708,1,709,-1436.390625
709,1,710,-1436.390625
710,1,711,-1436.390625
711,1,712,-1436.390625
712,1,713,-1436.390625
713,1,714,-1436.390625
714,1,715,-1436.390625
715,1,716,-1436.390625
716,1,717,-1436.390625
717,1,718,-1436.390625
718,1,719,-1436.390625
719,1,720,-1436.390625
720,1,721,-1436.390625
721,1,722,-1436.390625
722,1,723,-1436.390625
723,1,724,-1436.390625
724,1,725,-1436.390625
725,1,726,-1436.390625
726,1,727,-1436.390625
727,1,728,-1436.390625
728,1,729,-1436.390625
729,1,730,-1436.390625
730,1,731,-1436.390625
731,1,732,-1436.390625
732,1,733,-1436.390625
733,1,734,-1436.390625
734,1,735,-1436.390625
735,1,736,-1436.390625
736,1,737,-1436.390625
737,1,738,-1436.390625
738,1,739,-1436.390625
739,1,740,-1436.390625
740,1,741,-1436.390625
741,1,742,-1436.390625
742,1,743,-1436.390625
743,1,744,-1436.390625
744,1,745,-1436.390625
745,1,746,-1436.390625
746,1,747,-1436.390625
747,1,748,-1436.390625
748,1,749,-1436.390625
749,1,750,-1436.390625
750,1,751,-1436.390625
751,1,752,-1436.390625
752,1,753,-1436.390625
753,1,754,-1436.390625
754,1,755,-1436.390625
755,1,756,-1436.390625
756,1,757,-1436.390625
757,1,758,-1436.390625
758,1,759,-1436.390625
759,1,760,-1436.390625
760,1,761,-1436.390625
761,1,762,-1436.390625
762,1,763,-1436.390625
763,1,764,-1436.390625
764,1,765,-1436.390625
765,1,766,-1436.390625
766,1,767,-1436.390625
767,1,768,-1436.390625
768,1,769,-1436.390625
769,1,770,-1436.390625
770,1,771,-1436.390625
771,1,772,-1436.390625
772,1,773,-1436.390625
773,1,774,-1436.390625
774,1,775,-1436.390625
775,1,776,-1436.390625
776,1,777,-1436.390625
777,1,778,-1436.390625
778,1,779,-1436.390625
779,1,780,-1436.390625
780,1,781,-1436.390625
781,1,782,-1436.390625
782,1,783,-1436.390625
783,1,784,-1436.390625
784,1,785,-1436.390625
785,1,786,-1436.390625
786,1,787,-1436.390625
787,1,788,-1436.390625
788,1,789,-1436.390625
789,1,790,-1436.390625
790,1,791,-1436.390625
791,1,792,-1436.390625
792,1,793,-1436.390625
793,1,794,-1436.390625
794,1,795,-1436.390625
795,1,796,-1436.390625
796,1,797,-1436.390625
797,1,798,-1436.390625
798,1,799,-1436.390625
799,1,800,-1436.390625
800,1,801,-1436.390625
801,1,802,-1436.390625
802,1,803,-1436.390625
803,1,804,-1436.390625
804,1,805,-1436.390625
805,1,806,-1436.390625
806,1,807,-1436.390625
807,1,808,-1436.390625
808,1,809,-1436.390625
809,1,810,-1436.390625
810,1,811,-1436.390625
811,1,812,-1436.390625
812,1,813,-1436.390625
813,1,814,-1436.390625
814,1,815,-1436.390625
815,1,816,-1436.390625
816,1,817,-1436.390625
817,1,818,-1436.390625
818,1,819,-1436.390625
819,1,820,-1436.390625
820,1,821,-1436.390625
821,1,822,-1436.390625
822,1,823,-1436.390625
823,1,824,-1436.390625
824,1,825,-1436.390625
825,1,826,-1436.390625
826,1,827,-1436.390625
827,1,828,-1436.390625
828,1,829,-1436.390625
829,1,830,-1436.390625
830,1,831,-1436.390625
831,1,832,-1436.390625
832,1,833,-1436.390625
833,1,834,-1436.390625
834,1,835,-1436.390625
835,1,836,-1436.390625
836,1,837,-1436.390625
837,1,838,-1436.390625
838,1,839,-1436.390625
839,1,840,-1436.390625
840,1,841,-1436.390625
841,1,842,-1436.390625
842,1,843,-1436.390625
843,1,844,-1436.390625
844,1,845,-1436.390625
845,1,846,-1436.390625
846,1,847,-1436.390625
847,1,848,-1436.390625
848,1,849,-1436.390625
849,1,850,-1436.390625
850,1,851,-1436.390625
851,1,852,-1436.390625
852,1,853,-1436.390625
853,1,854,-1436.390625
854,1,855,-1436.390625
855,1,856,-1436.390625
856,1,857,-1436.390625
857,1,858,-1436.390625
858,1,859,-1436.390625
859,1,860,-1436.390625
860,1,861,-1436.390625
861,1,862,-1436.390625
862,1,863,-1436.390625
863,1,864,-1436.390625
864,1,865,-1436.390625
865,1,866,-1436.390625
866,1,867,-1436.390625
867,1,868,-1436.390625
868,1,869,-1436.390625
869,1,870,-1436.390625
870,1,871,-1436.390625
871,1,872,-1436.390625
872,1,873,-1436.390625
873,1,874,-1436.390625
874,1,875,-1436.390625
875,1,876,-1436.390625
876,1,877,-1436.390625
877,1,878,-1436.390625
878,1,879,-1436.390625
879,1,880,-1436.390625
880,1,881,-1436.390625
881,1,882,-1436.390625
882,1,883,-1436.390625
883,1,884,-1436.390625
884,1,885,-1436.390625
885,1,886,-1436.390625
886,1,887,-1436.390625
887,1,888,-1436.390625
888,1,889,-1436.390625
889,1,890,-1436.390625
890,1,891,-1436.390625
891,1,892,-1436.390625
892,1,893,-1436.390625
893,1,894,-1436.390625
894,1,895,-1436.390625
895,1,896,-1436.390625
896,1,897,-1436.390625
897,1,898,-1436.390625
898,1,899,-1436.390625
899,1,900,-1436.390625
900,1,901,-1436.390625
901,1,902,-1436.390625
902,1,903,-1436.390625
903,1,904,-1436.390625
904,1,905,-1436.390625
905,1,906,-1436.390625
906,1,907,-1436.390625
907,1,908,-1436.390625
908,1,909,-1436.390625
909,1,910,-1436.390625
910,1,911,-1436.390625
911,1,912,-1436.390625
912,1,913,-1436.390625
913,1,914,-1436.390625
914,1,915,-1436.390625
915,1,916,-1436.390625
916,1,917,-1436.390625
917,1,918,-1436.390625
918,1,919,-1436.390625
919,1,920,-1436.390625
920,1,921,-1436.390625
921,1,922,-1436.390625
922,1,923,-1436.390625
923,1,924,-1436.390625
924,1,925,-1436.390625
925,1,926,-1436.390625
926,1,927,-1436.390625
927,1,928,-1436.390625
928,1,929,-1436.390625
929,1,930,-1436.390625
930,1,931,-1436.390625
931,1,932,-1436.390625
932,1,933,-1436.390625
933,1,934,-1436.390625
934,1,935,-1436.390625
935,1,936,-1436.390625
936,1,937,-1436.390625
937,1,938,-1436.390625
938,1,939,-1436.390625
939,1,940,-1436.390625
940,1,941,-1436.390625
941,1,942,-1436.390625
942,1,943,-1436.390625
943,1,944,-1436.390625
944,1,945,-1436.390625
945,1,946,-1436.390625
946,1,947,-1436.390625
947,1,948,-1436.390625
948,1,949,-1436.390625
949,1,950,-1436.390625
950,1,951,-1436.390625
951,1,952,-1436.390625
952,1,953,-1436.390625
953,1,954,-1436.390625
954,1,955,-1436.390625
955,1,956,-1436.390625
956,1,957,-1436.390625
957,1,958,-1436.390625
958,1,959,-1436.390625
959,1,960,-1436.390625
960,1,961,-1436.390625
961,1,962,-1436.390625
962,1,963,-1436.390625
963,1,964,-1436.390625
964,1,965,-1436.390625
965,1,966,-1436.390625
966,1,967,-1436.390625
967,1,968,-1436.390625
968,1,969,-1436.390625
969,1,970,-1436.390625
970,1,971,-1436.390625
971,1,972,-1436.390625
972,1,973,-1436.390625
973,1,974,-1436.390625
974,1,975,-1436.390625
975,1,976,-1436.390625
976,1,977,-1436.390625
977,1,978,-1436.390625
978,1,979,-1436.390625
979,1,980,-1436.390625
980,1,981,-1436.390625
981,1,982,-1436.390625
982,1,983,-1436.390625
983,1,984,-1436.390625
984,1,985,-1436.390625
985,1,986,-1436.390625
986,1,987,-1436.390625
987,1,988,-1436.390625
988,1,989,-1436.390625
989,1,990,-1436.390625
990,1,991,-1436.390625
991,1,992,-1436.390625
992,1,993,-1436.390625
993,1,994,-1436.390625
994,1,995,-1436.390625
995,1,996,-1436.390625
996,1,997,-1436.390625
997,1,998,-1436.390625
998,1,999,-1436.390625
999,1,1000,-1436.390625
1000,1,1001,-1436.390625
1001,1,1002,-1436.390625
1002,1,1003,-1436.390625
1003,1,1004,-1436.390625
1004,1,1005,-1436.390625
1005,1,1006,-1436.390625
1006,1,1007,-1436.390625
1007,1,1008,-1436.390625
1008,1,1009,-1436.390625
1009,1,1010,-1436.390625
1010,1,1011,-1436.390625
1011,1,1012,-1436.390625
1012,1,1013,-1436.390625
1013,1,1014,-1436.390625
1014,1,1015,-1436.390625
1015,1,1016,-1436.390625
1016,1,1017,-1436.390625
1017,1,1018,-1436.390625
1018,1,1019,-1436.390625
1019,1,1020,-1436.390625
1020,1,1021,-1436.390625
1021,1,1022,-1436.390625
1022,1,1023,-1436.390625
1023,1,1024,-1436.390625
