,num_iterations,updates,energy
0,1,1,-412.98046875
1,1,2,-414.640625
2,1,3,-414.640625
3,1,4,-414.640625
4,1,5,-414.640625
5,1,6,-418.73046875
6,1,7,-418.73046875
7,1,8,-418.73046875
8,1,9,-418.73046875
9,1,10,-418.73046875
10,1,11,-422.84375
11,1,12,-423.01171875
12,1,13,-423.01171875
13,1,14,-423.01171875
14,1,15,-423.01171875
15,1,16,-423.01171875
16,1,17,-423.01171875
17,1,18,-423.01171875
18,1,19,-423.01171875
19,1,20,-423.01171875
20,1,21,-423.01171875
21,1,22,-423.01171875
22,1,23,-423.01171875
23,1,24,-423.01171875
24,1,25,-423.01171875
25,1,26,-423.01171875
26,1,27,-427.140625
27,1,28,-427.140625
28,1,29,-427.140625
29,1,30,-427.140625
30,1,31,-427.140625
31,1,32,-427.140625
32,1,33,-431.29296875
33,1,34,-431.29296875
34,1,35,-431.29296875
35,1,36,-431.29296875
36,1,37,-431.29296875
37,1,38,-431.29296875
38,1,39,-431.29296875
39,1,40,-435.46875
40,1,41,-438.10546875
41,1,42,-439.828125
42,1,43,-444.04296875
43,1,44,-444.04296875
44,1,45,-444.21875
45,1,46,-444.21875
46,1,47,-444.21875
47,1,48,-444.21875
48,1,49,-448.44921875
49,1,50,-452.703125
50,1,51,-452.703125
51,1,52,-452.703125
52,1,53,-456.98046875
53,1,54,-456.98046875
54,1,55,-456.98046875
55,1,56,-456.98046875
56,1,57,-456.98046875
57,1,58,-456.98046875
58,1,59,-456.98046875
59,1,60,-461.28125
60,1,61,-461.28125
61,1,62,-461.28125
62,1,63,-461.28125
63,1,64,-461.28125
64,1,65,-461.28125
65,1,66,-461.28125
66,1,67,-465.60546875
67,1,68,-468.3125
68,1,69,-468.3125
69,1,70,-468.3125
70,1,71,-468.3125
71,1,72,-468.3125
72,1,73,-468.3125
73,1,74,-468.3125
74,1,75,-468.3125
75,1,76,-468.3125
76,1,77,-468.3125
77,1,78,-471.04296875
78,1,79,-471.04296875
79,1,80,-471.04296875
80,1,81,-471.04296875
81,1,82,-471.04296875
82,1,83,-471.04296875
83,1,84,-471.04296875
84,1,85,-471.04296875
85,1,86,-471.04296875
86,1,87,-471.04296875
87,1,88,-475.40625
88,1,89,-475.40625
89,1,90,-475.40625
90,1,91,-475.40625
91,1,92,-475.40625
92,1,93,-479.79296875
93,1,94,-479.79296875
94,1,95,-484.203125
95,1,96,-484.203125
96,1,97,-488.63671875
97,1,98,-488.63671875
98,1,99,-488.63671875
99,1,100,-488.63671875
100,1,101,-488.63671875
101,1,102,-488.63671875
102,1,103,-488.63671875
103,1,104,-488.63671875
104,1,105,-488.63671875
105,1,106,-493.09375
106,1,107,-493.09375
107,1,108,-493.09375
108,1,109,-493.09375
109,1,110,-493.09375
110,1,111,-493.09375
111,1,112,-493.09375
112,1,113,-493.09375
113,1,114,-493.09375
114,1,115,-497.57421875
115,1,116,-497.57421875
116,1,117,-497.57421875
117,1,118,-497.57421875
118,1,119,-497.57421875
119,1,120,-497.57421875
120,1,121,-497.57421875
121,1,122,-500.375
122,1,123,-500.375
123,1,124,-504.88671875
124,1,125,-504.88671875
125,1,126,-506.71875
126,1,127,-506.71875
127,1,128,-506.71875
128,1,129,-506.71875
129,1,130,-506.71875
130,1,131,-506.71875
131,1,132,-506.71875
132,1,133,-506.71875
133,1,134,-506.71875
134,1,135,-506.71875
135,1,136,-506.71875
136,1,137,-506.71875
137,1,138,-511.26171875
138,1,139,-515.828125
139,1,140,-515.94921875
140,1,141,-515.94921875
141,1,142,-515.94921875
142,1,143,-516.09375
143,1,144,-516.09375
144,1,145,-516.09375
145,1,146,-516.09375
146,1,147,-516.09375
147,1,148,-516.09375
148,1,149,-516.09375
149,1,150,-516.09375
150,1,151,-516.09375
151,1,152,-516.09375
152,1,153,-520.66796875
153,1,154,-520.66796875
154,1,155,-520.66796875
155,1,156,-520.66796875
156,1,157,-520.828125
157,1,158,-520.828125
158,1,159,-520.828125
159,1,160,-520.828125
160,1,161,-520.828125
161,1,162,-520.828125
162,1,163,-520.828125
163,1,164,-520.828125
164,1,165,-520.828125
165,1,166,-520.828125
166,1,167,-520.828125
167,1,168,-520.828125
168,1,169,-520.828125
169,1,170,-520.828125
170,1,171,-520.828125
171,1,172,-520.828125
172,1,173,-520.828125
173,1,174,-520.828125
174,1,175,-520.828125
175,1,176,-522.73046875
176,1,177,-522.73046875
177,1,178,-524.65625
178,1,179,-524.65625
179,1,180,-524.65625
180,1,181,-524.65625
181,1,182,-527.51171875
182,1,183,-532.125
183,1,184,-532.125
184,1,185,-532.125
185,1,186,-532.125
186,1,187,-532.125
187,1,188,-532.125
188,1,189,-532.125
189,1,190,-532.125
190,1,191,-532.125
191,1,192,-532.125
192,1,193,-532.125
193,1,194,-532.125
194,1,195,-536.76171875
195,1,196,-536.76171875
196,1,197,-536.76171875
197,1,198,-536.76171875
198,1,199,-541.421875
199,1,200,-541.421875
200,1,201,-541.421875
201,1,202,-541.421875
202,1,203,-541.60546875
203,1,204,-541.60546875
204,1,205,-546.28125
205,1,206,-550.98046875
206,1,207,-550.98046875
207,1,208,-550.98046875
208,1,209,-550.98046875
209,1,210,-551.171875
210,1,211,-551.171875
211,1,212,-551.171875
212,1,213,-551.171875
213,1,214,-555.88671875
214,1,215,-555.88671875
215,1,216,-555.88671875
216,1,217,-555.88671875
217,1,218,-560.625
218,1,219,-560.625
219,1,220,-560.625
220,1,221,-560.625
221,1,222,-560.625
222,1,223,-560.625
223,1,224,-560.625
224,1,225,-563.57421875
225,1,226,-563.57421875
226,1,227,-563.78125
227,1,228,-563.78125
228,1,229,-563.78125
229,1,230,-563.78125
230,1,231,-566.76171875
231,1,232,-571.53125
232,1,233,-571.53125
233,1,234,-576.32421875
234,1,235,-576.32421875
235,1,236,-576.32421875
236,1,237,-576.32421875
237,1,238,-576.32421875
238,1,239,-576.32421875
239,1,240,-576.546875
240,1,241,-576.546875
241,1,242,-576.546875
242,1,243,-576.546875
243,1,244,-576.546875
244,1,245,-581.35546875
245,1,246,-581.35546875
246,1,247,-581.35546875
247,1,248,-581.35546875
248,1,249,-584.390625
249,1,250,-584.390625
250,1,251,-584.390625
251,1,252,-584.390625
252,1,253,-584.390625
253,1,254,-584.390625
254,1,255,-589.23046875
255,1,256,-589.23046875
256,1,257,-589.23046875
257,1,258,-589.23046875
258,1,259,-592.296875
259,1,260,-592.296875
260,1,261,-592.296875
261,1,262,-594.32421875
262,1,263,-597.40625
263,1,264,-597.40625
264,1,265,-597.40625
265,1,266,-597.40625
266,1,267,-597.40625
267,1,268,-602.29296875
268,1,269,-602.29296875
269,1,270,-602.29296875
270,1,271,-602.29296875
271,1,272,-602.29296875
272,1,273,-602.29296875
273,1,274,-602.29296875
274,1,275,-605.40625
275,1,276,-605.40625
276,1,277,-610.32421875
277,1,278,-610.32421875
278,1,279,-610.32421875
279,1,280,-610.32421875
280,1,281,-610.32421875
281,1,282,-610.32421875
282,1,283,-610.32421875
283,1,284,-610.32421875
284,1,285,-610.32421875
285,1,286,-615.265625
286,1,287,-615.265625
287,1,288,-620.23046875
288,1,289,-620.23046875
289,1,290,-620.23046875
290,1,291,-620.23046875
291,1,292,-620.23046875
292,1,293,-620.23046875
293,1,294,-620.23046875
294,1,295,-625.21875
295,1,296,-625.21875
296,1,297,-625.21875
297,1,298,-625.21875
298,1,299,-625.21875
299,1,300,-625.21875
300,1,301,-630.23046875
301,1,302,-633.40625
302,1,303,-633.63671875
303,1,304,-638.671875
304,1,305,-638.671875
305,1,306,-638.671875
306,1,307,-638.671875
307,1,308,-638.671875
308,1,309,-638.671875
309,1,310,-638.671875
310,1,311,-643.73046875
311,1,312,-643.73046875
312,1,313,-643.73046875
313,1,314,-643.73046875
314,1,315,-648.8125
315,1,316,-648.8125
316,1,317,-653.91796875
317,1,318,-653.91796875
318,1,319,-653.91796875
319,1,320,-653.91796875
320,1,321,-653.91796875
321,1,322,-656.03125
322,1,323,-656.03125
323,1,324,-656.03125
324,1,325,-659.26171875
325,1,326,-664.40625
326,1,327,-664.40625
327,1,328,-664.40625
328,1,329,-664.63671875
329,1,330,-664.63671875
330,1,331,-664.63671875
331,1,332,-669.796875
332,1,333,-669.796875
333,1,334,-669.796875
334,1,335,-674.98046875
335,1,336,-674.98046875
336,1,337,-674.98046875
337,1,338,-674.98046875
338,1,339,-674.98046875
339,1,340,-674.98046875
340,1,341,-674.98046875
341,1,342,-674.98046875
342,1,343,-674.98046875
343,1,344,-674.98046875
344,1,345,-674.98046875
345,1,346,-674.98046875
346,1,347,-680.1875
347,1,348,-685.41796875
348,1,349,-685.41796875
349,1,350,-685.41796875
350,1,351,-685.41796875
351,1,352,-685.41796875
352,1,353,-685.41796875
353,1,354,-685.41796875
354,1,355,-685.41796875
355,1,356,-685.41796875
356,1,357,-690.671875
357,1,358,-690.671875
358,1,359,-690.671875
359,1,360,-690.671875
360,1,361,-690.671875
361,1,362,-690.671875
362,1,363,-690.671875
363,1,364,-690.671875
364,1,365,-695.94921875
365,1,366,-701.25
366,1,367,-701.25
367,1,368,-701.25
368,1,369,-701.25
369,1,370,-703.44921875
370,1,371,-703.44921875
371,1,372,-703.44921875
372,1,373,-703.44921875
373,1,374,-703.65625
374,1,375,-703.65625
375,1,376,-708.98046875
376,1,377,-708.98046875
377,1,378,-708.98046875
378,1,379,-708.98046875
379,1,380,-709.203125
380,1,381,-709.203125
381,1,382,-709.203125
382,1,383,-714.54296875
383,1,384,-716.796875
384,1,385,-716.796875
385,1,386,-716.796875
386,1,387,-716.796875
387,1,388,-716.796875
388,1,389,-716.796875
389,1,390,-716.796875
390,1,391,-716.796875
391,1,392,-716.796875
392,1,393,-720.13671875
393,1,394,-720.13671875
394,1,395,-720.13671875
395,1,396,-720.13671875
396,1,397,-720.13671875
397,1,398,-720.13671875
398,1,399,-720.13671875
399,1,400,-720.13671875
400,1,401,-720.13671875
401,1,402,-720.390625
402,1,403,-720.390625
403,1,404,-720.390625
404,1,405,-720.390625
405,1,406,-720.390625
406,1,407,-720.390625
407,1,408,-720.390625
408,1,409,-722.66796875
409,1,410,-722.66796875
410,1,411,-722.66796875
411,1,412,-722.66796875
412,1,413,-722.66796875
413,1,414,-726.03125
414,1,415,-726.03125
415,1,416,-728.32421875
416,1,417,-728.32421875
417,1,418,-728.32421875
418,1,419,-728.32421875
419,1,420,-728.32421875
420,1,421,-728.32421875
421,1,422,-728.32421875
422,1,423,-730.640625
423,1,424,-730.640625
424,1,425,-734.01171875
425,1,426,-734.328125
426,1,427,-734.328125
427,1,428,-734.66796875
428,1,429,-734.66796875
429,1,430,-734.66796875
430,1,431,-740.0625
431,1,432,-740.0625
432,1,433,-740.0625
433,1,434,-745.48046875
434,1,435,-747.84375
435,1,436,-747.84375
436,1,437,-753.29296875
437,1,438,-753.29296875
438,1,439,-753.29296875
439,1,440,-753.29296875
440,1,441,-753.29296875
441,1,442,-758.765625
442,1,443,-764.26171875
443,1,444,-764.26171875
444,1,445,-764.26171875
445,1,446,-764.26171875
446,1,447,-764.26171875
447,1,448,-769.78125
448,1,449,-769.78125
449,1,450,-769.78125
450,1,451,-769.78125
451,1,452,-769.78125
452,1,453,-769.78125
453,1,454,-769.78125
454,1,455,-775.32421875
455,1,456,-778.78125
456,1,457,-778.78125
457,1,458,-778.78125
458,1,459,-778.78125
459,1,460,-778.78125
460,1,461,-778.78125
461,1,462,-778.78125
462,1,463,-778.78125
463,1,464,-778.78125
464,1,465,-778.78125
465,1,466,-778.78125
466,1,467,-778.78125
467,1,468,-778.78125
468,1,469,-778.78125
469,1,470,-778.78125
470,1,471,-778.78125
471,1,472,-778.78125
472,1,473,-784.35546875
473,1,474,-784.35546875
474,1,475,-786.78125
475,1,476,-786.78125
476,1,477,-786.78125
477,1,478,-790.26171875
478,1,479,-790.26171875
479,1,480,-795.875
480,1,481,-795.875
481,1,482,-795.875
482,1,483,-795.875
483,1,484,-795.875
484,1,485,-795.875
485,1,486,-795.875
486,1,487,-795.875
487,1,488,-795.875
488,1,489,-795.875
489,1,490,-801.51171875
490,1,491,-801.51171875
491,1,492,-801.828125
492,1,493,-801.828125
493,1,494,-801.828125
494,1,495,-801.828125
495,1,496,-801.828125
496,1,497,-801.828125
497,1,498,-804.29296875
498,1,499,-806.78125
499,1,500,-806.78125
500,1,501,-806.78125
501,1,502,-806.78125
502,1,503,-806.78125
503,1,504,-806.78125
504,1,505,-806.78125
505,1,506,-806.78125
506,1,507,-806.78125
507,1,508,-812.44921875
508,1,509,-812.44921875
509,1,510,-812.44921875
510,1,511,-812.44921875
511,1,512,-812.796875
512,1,513,-812.796875
513,1,514,-818.48046875
514,1,515,-822.015625
515,1,516,-822.015625
516,1,517,-822.015625
517,1,518,-822.015625
518,1,519,-822.015625
519,1,520,-822.015625
520,1,521,-822.015625
521,1,522,-822.015625
522,1,523,-822.015625
523,1,524,-822.015625
524,1,525,-825.57421875
525,1,526,-831.296875
526,1,527,-831.296875
527,1,528,-831.296875
528,1,529,-831.296875
529,1,530,-831.296875
530,1,531,-837.04296875
531,1,532,-837.04296875
532,1,533,-837.04296875
533,1,534,-842.8125
534,1,535,-842.8125
535,1,536,-842.8125
536,1,537,-843.16796875
537,1,538,-843.16796875
538,1,539,-843.16796875
539,1,540,-843.16796875
540,1,541,-843.16796875
541,1,542,-843.16796875
542,1,543,-843.16796875
543,1,544,-843.16796875
544,1,545,-843.16796875
545,1,546,-843.16796875
546,1,547,-848.953125
547,1,548,-854.76171875
548,1,549,-857.328125
549,1,550,-857.328125
550,1,551,-857.328125
551,1,552,-863.16796875
552,1,553,-863.16796875
553,1,554,-863.16796875
554,1,555,-863.16796875
555,1,556,-863.16796875
556,1,557,-863.16796875
557,1,558,-863.16796875
558,1,559,-863.16796875
559,1,560,-863.16796875
560,1,561,-869.03125
561,1,562,-869.03125
562,1,563,-874.91796875
563,1,564,-874.91796875
564,1,565,-874.91796875
565,1,566,-874.91796875
566,1,567,-874.91796875
567,1,568,-874.91796875
568,1,569,-874.91796875
569,1,570,-874.91796875
570,1,571,-874.91796875
571,1,572,-874.91796875
572,1,573,-880.828125
573,1,574,-880.828125
574,1,575,-880.828125
575,1,576,-880.828125
576,1,577,-880.828125
577,1,578,-880.828125
578,1,579,-880.828125
579,1,580,-880.828125
580,1,581,-880.828125
581,1,582,-880.828125
582,1,583,-880.828125
583,1,584,-880.828125
584,1,585,-880.828125
585,1,586,-883.44921875
586,1,587,-886.09375
587,1,588,-886.09375
588,1,589,-892.04296875
589,1,590,-898.015625
590,1,591,-898.015625
591,1,592,-898.015625
592,1,593,-904.01171875
593,1,594,-904.01171875
594,1,595,-904.01171875
595,1,596,-904.01171875
596,1,597,-904.01171875
597,1,598,-904.01171875
598,1,599,-904.01171875
599,1,600,-904.01171875
600,1,601,-904.01171875
601,1,602,-904.01171875
602,1,603,-904.01171875
603,1,604,-904.01171875
604,1,605,-904.01171875
605,1,606,-904.01171875
606,1,607,-910.03125
607,1,608,-910.35546875
608,1,609,-910.35546875
609,1,610,-916.390625
610,1,611,-916.390625
611,1,612,-916.390625
612,1,613,-916.390625
613,1,614,-916.390625
614,1,615,-916.390625
615,1,616,-916.390625
616,1,617,-916.390625
617,1,618,-922.44921875
618,1,619,-922.44921875
619,1,620,-922.44921875
620,1,621,-922.44921875
621,1,622,-922.78125
622,1,623,-922.78125
623,1,624,-922.78125
624,1,625,-928.85546875
625,1,626,-934.953125
626,1,627,-935.29296875
627,1,628,-935.29296875
628,1,629,-939.015625
629,1,630,-939.015625
630,1,631,-939.015625
631,1,632,-945.13671875
632,1,633,-945.13671875
633,1,634,-945.13671875
634,1,635,-945.13671875
635,1,636,-945.13671875
636,1,637,-945.13671875
637,1,638,-945.13671875
638,1,639,-945.13671875
639,1,640,-945.13671875
640,1,641,-951.28125
641,1,642,-951.28125
642,1,643,-951.28125
643,1,644,-951.28125
644,1,645,-951.28125
645,1,646,-957.44921875
646,1,647,-957.44921875
647,1,648,-957.44921875
648,1,649,-957.44921875
649,1,650,-963.640625
650,1,651,-963.98046875
651,1,652,-963.98046875
652,1,653,-963.98046875
653,1,654,-963.98046875
654,1,655,-963.98046875
655,1,656,-963.98046875
656,1,657,-963.98046875
657,1,658,-970.1875
658,1,659,-970.1875
659,1,660,-970.1875
660,1,661,-970.1875
661,1,662,-970.1875
662,1,663,-970.1875
663,1,664,-970.1875
664,1,665,-970.1875
665,1,666,-970.1875
666,1,667,-970.1875
667,1,668,-970.1875
668,1,669,-970.54296875
669,1,670,-970.54296875
670,1,671,-976.765625
671,1,672,-976.765625
672,1,673,-976.765625
673,1,674,-976.765625
674,1,675,-976.765625
675,1,676,-979.57421875
676,1,677,-979.57421875
677,1,678,-979.57421875
678,1,679,-979.57421875
679,1,680,-985.828125
680,1,681,-985.828125
681,1,682,-985.828125
682,1,683,-985.828125
683,1,684,-985.828125
684,1,685,-985.828125
685,1,686,-992.10546875
686,1,687,-992.10546875
687,1,688,-992.10546875
688,1,689,-992.10546875
689,1,690,-994.953125
690,1,691,-994.953125
691,1,692,-994.953125
692,1,693,-1001.26171875
693,1,694,-1001.26171875
694,1,695,-1001.26171875
695,1,696,-1001.26171875
696,1,697,-1001.26171875
697,1,698,-1001.26171875
698,1,699,-1001.26171875
699,1,700,-1001.26171875
700,1,701,-1001.26171875
701,1,702,-1001.26171875
702,1,703,-1001.26171875
703,1,704,-1004.140625
704,1,705,-1004.140625
705,1,706,-1010.48046875
706,1,707,-1010.48046875
707,1,708,-1014.296875
708,1,709,-1014.296875
709,1,710,-1014.296875
710,1,711,-1020.66796875
711,1,712,-1020.66796875
712,1,713,-1020.66796875
713,1,714,-1027.0625
714,1,715,-1027.41796875
715,1,716,-1033.828125
716,1,717,-1033.828125
717,1,718,-1033.828125
718,1,719,-1033.828125
719,1,720,-1033.828125
720,1,721,-1040.26171875
721,1,722,-1044.140625
722,1,723,-1044.140625
723,1,724,-1044.140625
724,1,725,-1050.60546875
725,1,726,-1050.60546875
726,1,727,-1050.60546875
727,1,728,-1050.60546875
728,1,729,-1050.60546875
729,1,730,-1057.09375
730,1,731,-1060.04296875
731,1,732,-1066.5625
732,1,733,-1066.5625
733,1,734,-1066.5625
734,1,735,-1073.10546875
735,1,736,-1073.10546875
736,1,737,-1079.671875
737,1,738,-1079.671875
738,1,739,-1080.01171875
739,1,740,-1083.015625
740,1,741,-1083.015625
741,1,742,-1083.015625
742,1,743,-1083.38671875
743,1,744,-1089.96875
744,1,745,-1096.57421875
745,1,746,-1096.57421875
746,1,747,-1103.203125
747,1,748,-1109.85546875
748,1,749,-1109.85546875
749,1,750,-1109.85546875
750,1,751,-1109.85546875
751,1,752,-1109.85546875
752,1,753,-1109.85546875
753,1,754,-1109.85546875
754,1,755,-1109.85546875
755,1,756,-1109.85546875
756,1,757,-1109.85546875
757,1,758,-1109.85546875
758,1,759,-1116.53125
759,1,760,-1116.53125
760,1,761,-1123.23046875
761,1,762,-1123.23046875
762,1,763,-1123.23046875
763,1,764,-1123.23046875
764,1,765,-1123.23046875
765,1,766,-1123.23046875
766,1,767,-1123.23046875
767,1,768,-1123.23046875
768,1,769,-1123.23046875
769,1,770,-1123.23046875
770,1,771,-1123.23046875
771,1,772,-1129.953125
772,1,773,-1129.953125
773,1,774,-1133.04296875
774,1,775,-1133.04296875
775,1,776,-1133.04296875
776,1,777,-1133.04296875
777,1,778,-1133.04296875
778,1,779,-1133.04296875
779,1,780,-1133.04296875
780,1,781,-1133.04296875
781,1,782,-1133.04296875
782,1,783,-1133.04296875
783,1,784,-1133.04296875
784,1,785,-1133.04296875
785,1,786,-1133.04296875
786,1,787,-1133.04296875
787,1,788,-1133.04296875
788,1,789,-1139.796875
789,1,790,-1139.796875
790,1,791,-1146.57421875
791,1,792,-1146.57421875
792,1,793,-1146.57421875
793,1,794,-1146.57421875
794,1,795,-1146.57421875
795,1,796,-1146.57421875
796,1,797,-1146.57421875
797,1,798,-1146.57421875
798,1,799,-1146.57421875
799,1,800,-1146.57421875
800,1,801,-1146.57421875
801,1,802,-1146.57421875
802,1,803,-1153.375
803,1,804,-1153.69921875
804,1,805,-1157.71875
805,1,806,-1157.71875
806,1,807,-1157.71875
807,1,808,-1157.71875
808,1,809,-1157.71875
809,1,810,-1157.71875
810,1,811,-1157.71875
811,1,812,-1157.71875
812,1,813,-1164.54296875
813,1,814,-1164.54296875
814,1,815,-1164.54296875
815,1,816,-1171.390625
816,1,817,-1171.390625
817,1,818,-1178.26171875
818,1,819,-1178.26171875
819,1,820,-1178.26171875
820,1,821,-1178.26171875
821,1,822,-1182.328125
822,1,823,-1182.328125
823,1,824,-1182.328125
824,1,825,-1182.328125
825,1,826,-1182.328125
826,1,827,-1182.328125
827,1,828,-1182.328125
828,1,829,-1182.328125
829,1,830,-1182.328125
830,1,831,-1182.66796875
831,1,832,-1185.828125
832,1,833,-1185.828125
833,1,834,-1186.19921875
834,1,835,-1186.59375
835,1,836,-1186.59375
836,1,837,-1193.48046875
837,1,838,-1193.48046875
838,1,839,-1193.48046875
839,1,840,-1200.390625
840,1,841,-1200.390625
841,1,842,-1200.390625
842,1,843,-1207.32421875
843,1,844,-1207.32421875
844,1,845,-1207.32421875
845,1,846,-1207.32421875
846,1,847,-1210.546875
847,1,848,-1210.546875
848,1,849,-1210.546875
849,1,850,-1210.546875
850,1,851,-1210.546875
851,1,852,-1210.546875
852,1,853,-1210.546875
853,1,854,-1210.546875
854,1,855,-1210.546875
855,1,856,-1217.51171875
856,1,857,-1221.640625
857,1,858,-1222.04296875
858,1,859,-1222.04296875
859,1,860,-1222.04296875
860,1,861,-1222.04296875
861,1,862,-1222.04296875
862,1,863,-1229.03125
863,1,864,-1229.03125
864,1,865,-1229.03125
865,1,866,-1229.03125
866,1,867,-1229.03125
867,1,868,-1229.03125
868,1,869,-1229.03125
869,1,870,-1232.29296875
870,1,871,-1232.29296875
871,1,872,-1239.3125
872,1,873,-1246.35546875
873,1,874,-1246.35546875
874,1,875,-1253.421875
875,1,876,-1253.421875
876,1,877,-1253.421875
877,1,878,-1253.421875
878,1,879,-1253.421875
879,1,880,-1253.421875
880,1,881,-1253.421875
881,1,882,-1260.51171875
882,1,883,-1260.51171875
883,1,884,-1267.625
884,1,885,-1267.625
885,1,886,-1274.76171875
886,1,887,-1278.96875
887,1,888,-1278.96875
888,1,889,-1278.96875
889,1,890,-1278.96875
890,1,891,-1278.96875
891,1,892,-1278.96875
892,1,893,-1278.96875
893,1,894,-1278.96875
894,1,895,-1278.96875
895,1,896,-1279.35546875
896,1,897,-1279.35546875
897,1,898,-1279.35546875
898,1,899,-1279.35546875
899,1,900,-1286.515625
900,1,901,-1286.515625
901,1,902,-1286.515625
902,1,903,-1286.515625
903,1,904,-1286.515625
904,1,905,-1293.69921875
905,1,906,-1293.69921875
906,1,907,-1293.69921875
907,1,908,-1293.69921875
908,1,909,-1293.69921875
909,1,910,-1293.69921875
910,1,911,-1297.953125
911,1,912,-1297.953125
912,1,913,-1297.953125
913,1,914,-1297.953125
914,1,915,-1297.953125
915,1,916,-1297.953125
916,1,917,-1297.953125
917,1,918,-1297.953125
918,1,919,-1305.16796875
919,1,920,-1305.16796875
920,1,921,-1305.16796875
921,1,922,-1305.16796875
922,1,923,-1305.16796875
923,1,924,-1305.16796875
924,1,925,-1305.16796875
925,1,926,-1305.16796875
926,1,927,-1305.16796875
927,1,928,-1312.40625
928,1,929,-1312.40625
929,1,930,-1312.40625
930,1,931,-1312.40625
931,1,932,-1312.40625
932,1,933,-1312.40625
933,1,934,-1312.40625
934,1,935,-1315.76171875
935,1,936,-1315.76171875
936,1,937,-1315.76171875
937,1,938,-1315.76171875
938,1,939,-1315.76171875
939,1,940,-1315.76171875
940,1,941,-1315.76171875
941,1,942,-1315.76171875
942,1,943,-1315.76171875
943,1,944,-1315.76171875
944,1,945,-1315.76171875
945,1,946,-1315.76171875
946,1,947,-1315.76171875
947,1,948,-1323.03125
948,1,949,-1323.03125
949,1,950,-1323.03125
950,1,951,-1330.32421875
951,1,952,-1330.32421875
952,1,953,-1330.703125
953,1,954,-1330.703125
954,1,955,-1338.01171875
955,1,956,-1338.01171875
956,1,957,-1338.01171875
957,1,958,-1338.01171875
958,1,959,-1338.01171875
959,1,960,-1338.01171875
960,1,961,-1341.421875
961,1,962,-1341.421875
962,1,963,-1341.421875
963,1,964,-1344.85546875
964,1,965,-1344.85546875
965,1,966,-1344.85546875
966,1,967,-1344.85546875
967,1,968,-1349.15625
968,1,969,-1349.15625
969,1,970,-1349.15625
970,1,971,-1356.51171875
971,1,972,-1356.51171875
972,1,973,-1356.51171875
973,1,974,-1356.51171875
974,1,975,-1356.51171875
975,1,976,-1356.51171875
976,1,977,-1363.890625
977,1,978,-1363.890625
978,1,979,-1371.29296875
979,1,980,-1374.765625
980,1,981,-1374.765625
981,1,982,-1382.19921875
982,1,983,-1382.19921875
983,1,984,-1382.19921875
984,1,985,-1389.65625
985,1,986,-1389.65625
986,1,987,-1389.65625
987,1,988,-1389.65625
988,1,989,-1393.16796875
989,1,990,-1393.16796875
990,1,991,-1400.65625
991,1,992,-1400.65625
992,1,993,-1400.65625
993,1,994,-1408.16796875
994,1,995,-1408.16796875
995,1,996,-1408.16796875
996,1,997,-1408.16796875
997,1,998,-1412.53125
998,1,999,-1412.53125
999,1,1000,-1412.53125
1000,1,1001,-1412.53125
1001,1,1002,-1412.53125
1002,1,1003,-1412.53125
1003,1,1004,-1412.53125
1004,1,1005,-1412.91796875
1005,1,1006,-1420.453125
1006,1,1007,-1424.85546875
1007,1,1008,-1424.85546875
1008,1,1009,-1428.40625
1009,1,1010,-1428.40625
1010,1,1011,-1428.40625
1011,1,1012,-1435.98046875
1012,1,1013,-1435.98046875
1013,1,1014,-1435.98046875
1014,1,1015,-1436.390625
1015,1,1016,-1436.390625
1016,1,1017,-1436.390625
1017,1,1018,-1436.390625
1018,1,1019,-1436.390625
1019,1,1020,-1436.390625
1020,1,1021,-1436.390625
1021,1,1022,-1436.390625
1022,1,1023,-1436.390625
1023,1,1024,-1436.390625
1024,2,2,-1436.390625
1025,2,4,-1436.390625
1026,2,6,-1436.390625
1027,2,8,-1436.390625
1028,2,10,-1436.390625
1029,2,12,-1436.390625
1030,2,14,-1436.390625
1031,2,16,-1436.390625
1032,2,18,-1436.390625
1033,2,20,-1436.390625
1034,2,22,-1436.390625
1035,2,24,-1436.390625
1036,2,26,-1436.390625
1037,2,28,-1436.390625
1038,2,30,-1436.390625
1039,2,32,-1436.390625
1040,2,34,-1436.390625
1041,2,36,-1436.390625
1042,2,38,-1436.390625
1043,2,40,-1436.390625
1044,2,42,-1436.390625
1045,2,44,-1436.390625
1046,2,46,-1436.390625
1047,2,48,-1436.390625
1048,2,50,-1436.390625
1049,2,52,-1436.390625
1050,2,54,-1436.390625
1051,2,56,-1436.390625
1052,2,58,-1436.390625
1053,2,60,-1436.390625
1054,2,62,-1436.390625
1055,2,64,-1436.390625
1056,2,66,-1436.390625
1057,2,68,-1436.390625
1058,2,70,-1436.390625
1059,2,72,-1436.390625
1060,2,74,-1436.390625
1061,2,76,-1436.390625
1062,2,78,-1436.390625
1063,2,80,-1436.390625
1064,2,82,-1436.390625
1065,2,84,-1436.390625
1066,2,86,-1436.390625
1067,2,88,-1436.390625
1068,2,90,-1436.390625
1069,2,92,-1436.390625
1070,2,94,-1436.390625
1071,2,96,-1436.390625
1072,2,98,-1436.390625
1073,2,100,-1436.390625
1074,2,102,-1436.390625
1075,2,104,-1436.390625
1076,2,106,-1436.390625
1077,2,108,-1436.390625
1078,2,110,-1436.390625
1079,2,112,-1436.390625
1080,2,114,-1436.390625
1081,2,116,-1436.390625
1082,2,118,-1436.390625
1083,2,120,-1436.390625
1084,2,122,-1436.390625
1085,2,124,-1436.390625
1086,2,126,-1436.390625
1087,2,128,-1436.390625
1088,2,130,-1436.390625
1089,2,132,-1436.390625
1090,2,134,-1436.390625
1091,2,136,-1436.390625
1092,2,138,-1436.390625
1093,2,140,-1436.390625
1094,2,142,-1436.390625
1095,2,144,-1436.390625
1096,2,146,-1436.390625
1097,2,148,-1436.390625
1098,2,150,-1436.390625
1099,2,152,-1436.390625
1100,2,154,-1436.390625
1101,2,156,-1436.390625
1102,2,158,-1436.390625
1103,2,160,-1436.390625
1104,2,162,-1436.390625
1105,2,164,-1436.390625
1106,2,166,-1436.390625
1107,2,168,-1436.390625
1108,2,170,-1436.390625
1109,2,172,-1436.390625
1110,2,174,-1436.390625
1111,2,176,-1436.390625
1112,2,178,-1436.390625
1113,2,180,-1436.390625
1114,2,182,-1436.390625
1115,2,184,-1436.390625
1116,2,186,-1436.390625
1117,2,188,-1436.390625
1118,2,190,-1436.390625
1119,2,192,-1436.390625
1120,2,194,-1436.390625
1121,2,196,-1436.390625
1122,2,198,-1436.390625
1123,2,200,-1436.390625
1124,2,202,-1436.390625
1125,2,204,-1436.390625
1126,2,206,-1436.390625
1127,2,208,-1436.390625
1128,2,210,-1436.390625
1129,2,212,-1436.390625
1130,2,214,-1436.390625
1131,2,216,-1436.390625
1132,2,218,-1436.390625
1133,2,220,-1436.390625
1134,2,222,-1436.390625
1135,2,224,-1436.390625
1136,2,226,-1436.390625
1137,2,228,-1436.390625
1138,2,230,-1436.390625
1139,2,232,-1436.390625
1140,2,234,-1436.390625
1141,2,236,-1436.390625
1142,2,238,-1436.390625
1143,2,240,-1436.390625
1144,2,242,-1436.390625
1145,2,244,-1436.390625
1146,2,246,-1436.390625
1147,2,248,-1436.390625
1148,2,250,-1436.390625
1149,2,252,-1436.390625
1150,2,254,-1436.390625
1151,2,256,-1436.390625
1152,2,258,-1436.390625
1153,2,260,-1436.390625
1154,2,262,-1436.390625
1155,2,264,-1436.390625
1156,2,266,-1436.390625
1157,2,268,-1436.390625
1158,2,270,-1436.390625
1159,2,272,-1436.390625
1160,2,274,-1436.390625
1161,2,276,-1436.390625
1162,2,278,-1436.390625
1163,2,280,-1436.390625
1164,2,282,-1436.390625
1165,2,284,-1436.390625
1166,2,286,-1436.390625
1167,2,288,-1436.390625
1168,2,290,-1436.390625
1169,2,292,-1436.390625
1170,2,294,-1436.390625
1171,2,296,-1436.390625
1172,2,298,-1436.390625
1173,2,300,-1436.390625
1174,2,302,-1436.390625
1175,2,304,-1436.390625
1176,2,306,-1436.390625
1177,2,308,-1436.390625
1178,2,310,-1436.390625
1179,2,312,-1436.390625
1180,2,314,-1436.390625
1181,2,316,-1436.390625
1182,2,318,-1436.390625
1183,2,320,-1436.390625
1184,2,322,-1436.390625
1185,2,324,-1436.390625
1186,2,326,-1436.390625
1187,2,328,-1436.390625
1188,2,330,-1436.390625
1189,2,332,-1436.390625
1190,2,334,-1436.390625
1191,2,336,-1436.390625
1192,2,338,-1436.390625
1193,2,340,-1436.390625
1194,2,342,-1436.390625
1195,2,344,-1436.390625
1196,2,346,-1436.390625
1197,2,348,-1436.390625
1198,2,350,-1436.390625
1199,2,352,-1436.390625
1200,2,354,-1436.390625
1201,2,356,-1436.390625
1202,2,358,-1436.390625
1203,2,360,-1436.390625
1204,2,362,-1436.390625
1205,2,364,-1436.390625
1206,2,366,-1436.390625
1207,2,368,-1436.390625
1208,2,370,-1436.390625
1209,2,372,-1436.390625
1210,2,374,-1436.390625
1211,2,376,-1436.390625
1212,2,378,-1436.390625
1213,2,380,-1436.390625
1214,2,382,-1436.390625
1215,2,384,-1436.390625
1216,2,386,-1436.390625
1217,2,388,-1436.390625
1218,2,390,-1436.390625
1219,2,392,-1436.390625
1220,2,394,-1436.390625
1221,2,396,-1436.390625
1222,2,398,-1436.390625
1223,2,400,-1436.390625
1224,2,402,-1436.390625
1225,2,404,-1436.390625
1226,2,406,-1436.390625
1227,2,408,-1436.390625
1228,2,410,-1436.390625
1229,2,412,-1436.390625
1230,2,414,-1436.390625
1231,2,416,-1436.390625
1232,2,418,-1436.390625
1233,2,420,-1436.390625
1234,2,422,-1436.390625
1235,2,424,-1436.390625
1236,2,426,-1436.390625
1237,2,428,-1436.390625
1238,2,430,-1436.390625
1239,2,432,-1436.390625
1240,2,434,-1436.390625
1241,2,436,-1436.390625
1242,2,438,-1436.390625
1243,2,440,-1436.390625
1244,2,442,-1436.390625
1245,2,444,-1436.390625
1246,2,446,-1436.390625
1247,2,448,-1436.390625
1248,2,450,-1436.390625
1249,2,452,-1436.390625
1250,2,454,-1436.390625
1251,2,456,-1436.390625
1252,2,458,-1436.390625
1253,2,460,-1436.390625
1254,2,462,-1436.390625
1255,2,464,-1436.390625
1256,2,466,-1436.390625
1257,2,468,-1436.390625
1258,2,470,-1436.390625
1259,2,472,-1436.390625
1260,2,474,-1436.390625
1261,2,476,-1436.390625
1262,2,478,-1436.390625
1263,2,480,-1436.390625
1264,2,482,-1436.390625
1265,2,484,-1436.390625
1266,2,486,-1436.390625
1267,2,488,-1436.390625
1268,2,490,-1436.390625
1269,2,492,-1436.390625
1270,2,494,-1436.390625
1271,2,496,-1436.390625
1272,2,498,-1436.390625
1273,2,500,-1436.390625
1274,2,502,-1436.390625
1275,2,504,-1436.390625
1276,2,506,-1436.390625
1277,2,508,-1436.390625
1278,2,510,-1436.390625
1279,2,512,-1436.390625
1280,2,514,-1436.390625
1281,2,516,-1436.390625
1282,2,518,-1436.390625
1283,2,520,-1436.390625
1284,2,522,-1436.390625
1285,2,524,-1436.390625
1286,2,526,-1436.390625
1287,2,528,-1436.390625
1288,2,530,-1436.390625
1289,2,532,-1436.390625
1290,2,534,-1436.390625
1291,2,536,-1436.390625
1292,2,538,-1436.390625
1293,2,540,-1436.390625
1294,2,542,-1436.390625
1295,2,544,-1436.390625
1296,2,546,-1436.390625
1297,2,548,-1436.390625
1298,2,550,-1436.390625
1299,2,552,-1436.390625
1300,2,554,-1436.390625
1301,2,556,-1436.390625
1302,2,558,-1436.390625
1303,2,560,-1436.390625
1304,2,562,-1436.390625
1305,2,564,-1436.390625
1306,2,566,-1436.390625
1307,2,568,-1436.390625
1308,2,570,-1436.390625
1309,2,572,-1436.390625
1310,2,574,-1436.390625
1311,2,576,-1436.390625
1312,2,578,-1436.390625
1313,2,580,-1436.390625
1314,2,582,-1436.390625
1315,2,584,-1436.390625
1316,2,586,-1436.390625
1317,2,588,-1436.390625
1318,2,590,-1436.390625
1319,2,592,-1436.390625
1320,2,594,-1436.390625
1321,2,596,-1436.390625
1322,2,598,-1436.390625
1323,2,600,-1436.390625
1324,2,602,-1436.390625
1325,2,604,-1436.390625
1326,2,606,-1436.390625
1327,2,608,-1436.390625
1328,2,610,-1436.390625
1329,2,612,-1436.390625
1330,2,614,-1436.390625
1331,2,616,-1436.390625
1332,2,618,-1436.390625
1333,2,620,-1436.390625
1334,2,622,-1436.390625
1335,2,624,-1436.390625
1336,2,626,-1436.390625
1337,2,628,-1436.390625
1338,2,630,-1436.390625
1339,2,632,-1436.390625
1340,2,634,-1436.390625
1341,2,636,-1436.390625
1342,2,638,-1436.390625
1343,2,640,-1436.390625
1344,2,642,-1436.390625
1345,2,644,-1436.390625
1346,2,646,-1436.390625
1347,2,648,-1436.390625
1348,2,650,-1436.390625
1349,2,652,-1436.390625
1350,2,654,-1436.390625
1351,2,656,-1436.390625
1352,2,658,-1436.390625
1353,2,660,-1436.390625
1354,2,662,-1436.390625
1355,2,664,-1436.390625
1356,2,666,-1436.390625
1357,2,668,-1436.390625
1358,2,670,-1436.390625
1359,2,672,-1436.390625
1360,2,674,-1436.390625
1361,2,676,-1436.390625
1362,2,678,-1436.390625
1363,2,680,-1436.390625
1364,2,682,-1436.390625
1365,2,684,-1436.390625
1366,2,686,-1436.390625
1367,2,688,-1436.390625
1368,2,690,-1436.390625
1369,2,692,-1436.390625
1370,2,694,-1436.390625
1371,2,696,-1436.390625
1372,2,698,-1436.390625
1373,2,700,-1436.390625
1374,2,702,-1436.390625
1375,2,704,-1436.390625
1376,2,706,-1436.390625
1377,2,708,-1436.390625
1378,2,710,-1436.390625
1379,2,712,-1436.390625
1380,2,714,-1436.390625
1381,2,716,-1436.390625
1382,2,718,-1436.390625
1383,2,720,-1436.390625
1384,2,722,-1436.390625
1385,2,724,-1436.390625
1386,2,726,-1436.390625
1387,2,728,-1436.390625
1388,2,730,-1436.390625
1389,2,732,-1436.390625
1390,2,734,-1436.390625
1391,2,736,-1436.390625
1392,2,738,-1436.390625
1393,2,740,-1436.390625
1394,2,742,-1436.390625
1395,2,744,-1436.390625
1396,2,746,-1436.390625
1397,2,748,-1436.390625
1398,2,750,-1436.390625
1399,2,752,-1436.390625
1400,2,754,-1436.390625
1401,2,756,-1436.390625
1402,2,758,-1436.390625
1403,2,760,-1436.390625
1404,2,762,-1436.390625
1405,2,764,-1436.390625
1406,2,766,-1436.390625
1407,2,768,-1436.390625
1408,2,770,-1436.390625
1409,2,772,-1436.390625
1410,2,774,-1436.390625
1411,2,776,-1436.390625
1412,2,778,-1436.390625
1413,2,780,-1436.390625
1414,2,782,-1436.390625
1415,2,784,-1436.390625
1416,2,786,-1436.390625
1417,2,788,-1436.390625
1418,2,790,-1436.390625
1419,2,792,-1436.390625
1420,2,794,-1436.390625
1421,2,796,-1436.390625
1422,2,798,-1436.390625
1423,2,800,-1436.390625
1424,2,802,-1436.390625
1425,2,804,-1436.390625
1426,2,806,-1436.390625
1427,2,808,-1436.390625
1428,2,810,-1436.390625
1429,2,812,-1436.390625
1430,2,814,-1436.390625
1431,2,816,-1436.390625
1432,2,818,-1436.390625
1433,2,820,-1436.390625
1434,2,822,-1436.390625
1435,2,824,-1436.390625
1436,2,826,-1436.390625
1437,2,828,-1436.390625
1438,2,830,-1436.390625
1439,2,832,-1436.390625
1440,2,834,-1436.390625
1441,2,836,-1436.390625
1442,2,838,-1436.390625
1443,2,840,-1436.390625
1444,2,842,-1436.390625
1445,2,844,-1436.390625
1446,2,846,-1436.390625
1447,2,848,-1436.390625
1448,2,850,-1436.390625
1449,2,852,-1436.390625
1450,2,854,-1436.390625
1451,2,856,-1436.390625
1452,2,858,-1436.390625
1453,2,860,-1436.390625
1454,2,862,-1436.390625
1455,2,864,-1436.390625
1456,2,866,-1436.390625
1457,2,868,-1436.390625
1458,2,870,-1436.390625
1459,2,872,-1436.390625
1460,2,874,-1436.390625
1461,2,876,-1436.390625
1462,2,878,-1436.390625
1463,2,880,-1436.390625
1464,2,882,-1436.390625
1465,2,884,-1436.390625
1466,2,886,-1436.390625
1467,2,888,-1436.390625
1468,2,890,-1436.390625
1469,2,892,-1436.390625
1470,2,894,-1436.390625
1471,2,896,-1436.390625
1472,2,898,-1436.390625
1473,2,900,-1436.390625
1474,2,902,-1436.390625
1475,2,904,-1436.390625
1476,2,906,-1436.390625
1477,2,908,-1436.390625
1478,2,910,-1436.390625
1479,2,912,-1436.390625
1480,2,914,-1436.390625
1481,2,916,-1436.390625
1482,2,918,-1436.390625
1483,2,920,-1436.390625
1484,2,922,-1436.390625
1485,2,924,-1436.390625
1486,2,926,-1436.390625
1487,2,928,-1436.390625
1488,2,930,-1436.390625
1489,2,932,-1436.390625
1490,2,934,-1436.390625
1491,2,936,-1436.390625
1492,2,938,-1436.390625
1493,2,940,-1436.390625
1494,2,942,-1436.390625
1495,2,944,-1436.390625
1496,2,946,-1436.390625
1497,2,948,-1436.390625
1498,2,950,-1436.390625
1499,2,952,-1436.390625
1500,2,954,-1436.390625
1501,2,956,-1436.390625
1502,2,958,-1436.390625
1503,2,960,-1436.390625
1504,2,962,-1436.390625
1505,2,964,-1436.390625
1506,2,966,-1436.390625
1507,2,968,-1436.390625
1508,2,970,-1436.390625
1509,2,972,-1436.390625
1510,2,974,-1436.390625
1511,2,976,-1436.390625
1512,2,978,-1436.390625
1513,2,980,-1436.390625
1514,2,982,-1436.390625
1515,2,984,-1436.390625
1516,2,986,-1436.390625
1517,2,988,-1436.390625
1518,2,990,-1436.390625
1519,2,992,-1436.390625
1520,2,994,-1436.390625
1521,2,996,-1436.390625
1522,2,998,-1436.390625
1523,2,1000,-1436.390625
1524,2,1002,-1436.390625
1525,2,1004,-1436.390625
1526,2,1006,-1436.390625
1527,2,1008,-1436.390625
1528,2,1010,-1436.390625
1529,2,1012,-1436.390625
1530,2,1014,-1436.390625
1531,2,1016,-1436.390625
1532,2,1018,-1436.390625
1533,2,1020,-1436.390625
1534,2,1022,-1436.390625
1535,2,1024,-1436.390625
1536,2,1026,-1436.390625
1537,2,1028,-1436.390625
1538,2,1030,-1436.390625
1539,2,1032,-1436.390625
1540,2,1034,-1436.390625
1541,2,1036,-1436.390625
1542,2,1038,-1436.390625
1543,2,1040,-1436.390625
1544,2,1042,-1436.390625
1545,2,1044,-1436.390625
1546,2,1046,-1436.390625
1547,2,1048,-1436.390625
1548,2,1050,-1436.390625
1549,2,1052,-1436.390625
1550,2,1054,-1436.390625
1551,2,1056,-1436.390625
1552,2,1058,-1436.390625
1553,2,1060,-1436.390625
1554,2,1062,-1436.390625
1555,2,1064,-1436.390625
1556,2,1066,-1436.390625
1557,2,1068,-1436.390625
1558,2,1070,-1436.390625
1559,2,1072,-1436.390625
1560,2,1074,-1436.390625
1561,2,1076,-1436.390625
1562,2,1078,-1436.390625
1563,2,1080,-1436.390625
1564,2,1082,-1436.390625
1565,2,1084,-1436.390625
1566,2,1086,-1436.390625
1567,2,1088,-1436.390625
1568,2,1090,-1436.390625
1569,2,1092,-1436.390625
1570,2,1094,-1436.390625
1571,2,1096,-1436.390625
1572,2,1098,-1436.390625
1573,2,1100,-1436.390625
1574,2,1102,-1436.390625
1575,2,1104,-1436.390625
1576,2,1106,-1436.390625
1577,2,1108,-1436.390625
1578,2,1110,-1436.390625
1579,2,1112,-1436.390625
1580,2,1114,-1436.390625
1581,2,1116,-1436.390625
1582,2,1118,-1436.390625
1583,2,1120,-1436.390625
1584,2,1122,-1436.390625
1585,2,1124,-1436.390625
1586,2,1126,-1436.390625
1587,2,1128,-1436.390625
1588,2,1130,-1436.390625
1589,2,1132,-1436.390625
1590,2,1134,-1436.390625
1591,2,1136,-1436.390625
1592,2,1138,-1436.390625
1593,2,1140,-1436.390625
1594,2,1142,-1436.390625
1595,2,1144,-1436.390625
1596,2,1146,-1436.390625
1597,2,1148,-1436.390625
1598,2,1150,-1436.390625
1599,2,1152,-1436.390625
1600,2,1154,-1436.390625
1601,2,1156,-1436.390625
1602,2,1158,-1436.390625
1603,2,1160,-1436.390625
1604,2,1162,-1436.390625
1605,2,1164,-1436.390625
1606,2,1166,-1436.390625
1607,2,1168,-1436.390625
1608,2,1170,-1436.390625
1609,2,1172,-1436.390625
1610,2,1174,-1436.390625
1611,2,1176,-1436.390625
1612,2,1178,-1436.390625
1613,2,1180,-1436.390625
1614,2,1182,-1436.390625
1615,2,1184,-1436.390625
1616,2,1186,-1436.390625
1617,2,1188,-1436.390625
1618,2,1190,-1436.390625
1619,2,1192,-1436.390625
1620,2,1194,-1436.390625
1621,2,1196,-1436.390625
1622,2,1198,-1436.390625
1623,2,1200,-1436.390625
1624,2,1202,-1436.390625
1625,2,1204,-1436.390625
1626,2,1206,-1436.390625
1627,2,1208,-1436.390625
1628,2,1210,-1436.390625
1629,2,1212,-1436.390625
1630,2,1214,-1436.390625
1631,2,1216,-1436.390625
1632,2,1218,-1436.390625
1633,2,1220,-1436.390625
1634,2,1222,-1436.390625
1635,2,1224,-1436.390625
1636,2,1226,-1436.390625
1637,2,1228,-1436.390625
1638,2,1230,-1436.390625
1639,2,1232,-1436.390625
1640,2,1234,-1436.390625
1641,2,1236,-1436.390625
1642,2,1238,-1436.390625
1643,2,1240,-1436.390625
1644,2,1242,-1436.390625
1645,2,1244,-1436.390625
1646,2,1246,-1436.390625
1647,2,1248,-1436.390625
1648,2,1250,-1436.390625
1649,2,1252,-1436.390625
1650,2,1254,-1436.390625
1651,2,1256,-1436.390625
1652,2,1258,-1436.390625
1653,2,1260,-1436.390625
1654,2,1262,-1436.390625
1655,2,1264,-1436.390625
1656,2,1266,-1436.390625
1657,2,1268,-1436.390625
1658,2,1270,-1436.390625
1659,2,1272,-1436.390625
1660,2,1274,-1436.390625
1661,2,1276,-1436.390625
1662,2,1278,-1436.390625
1663,2,1280,-1436.390625
1664,2,1282,-1436.390625
1665,2,1284,-1436.390625
1666,2,1286,-1436.390625
1667,2,1288,-1436.390625
1668,2,1290,-1436.390625
1669,2,1292,-1436.390625
1670,2,1294,-1436.390625
1671,2,1296,-1436.390625
1672,2,1298,-1436.390625
1673,2,1300,-1436.390625
1674,2,1302,-1436.390625
1675,2,1304,-1436.390625
1676,2,1306,-1436.390625
1677,2,1308,-1436.390625
1678,2,1310,-1436.390625
1679,2,1312,-1436.390625
1680,2,1314,-1436.390625
1681,2,1316,-1436.390625
1682,2,1318,-1436.390625
1683,2,1320,-1436.390625
1684,2,1322,-1436.390625
1685,2,1324,-1436.390625
1686,2,1326,-1436.390625
1687,2,1328,-1436.390625
1688,2,1330,-1436.390625
1689,2,1332,-1436.390625
1690,2,1334,-1436.390625
1691,2,1336,-1436.390625
1692,2,1338,-1436.390625
1693,2,1340,-1436.390625
1694,2,1342,-1436.390625
1695,2,1344,-1436.390625
1696,2,1346,-1436.390625
1697,2,1348,-1436.390625
1698,2,1350,-1436.390625
1699,2,1352,-1436.390625
1700,2,1354,-1436.390625
1701,2,1356,-1436.390625
1702,2,1358,-1436.390625
1703,2,1360,-1436.390625
1704,2,1362,-1436.390625
1705,2,1364,-1436.390625
1706,2,1366,-1436.390625
1707,2,1368,-1436.390625
1708,2,1370,-1436.390625
1709,2,1372,-1436.390625
1710,2,1374,-1436.390625
1711,2,1376,-1436.390625
1712,2,1378,-1436.390625
1713,2,1380,-1436.390625
1714,2,1382,-1436.390625
1715,2,1384,-1436.390625
1716,2,1386,-1436.390625
1717,2,1388,-1436.390625
1718,2,1390,-1436.390625
1719,2,1392,-1436.390625
1720,2,1394,-1436.390625
1721,2,1396,-1436.390625
1722,2,1398,-1436.390625
1723,2,1400,-1436.390625
1724,2,1402,-1436.390625
1725,2,1404,-1436.390625
1726,2,1406,-1436.390625
1727,2,1408,-1436.390625
1728,2,1410,-1436.390625
1729,2,1412,-1436.390625
1730,2,1414,-1436.390625
1731,2,1416,-1436.390625
1732,2,1418,-1436.390625
1733,2,1420,-1436.390625
1734,2,1422,-1436.390625
1735,2,1424,-1436.390625
1736,2,1426,-1436.390625
1737,2,1428,-1436.390625
1738,2,1430,-1436.390625
1739,2,1432,-1436.390625
1740,2,1434,-1436.390625
1741,2,1436,-1436.390625
1742,2,1438,-1436.390625
1743,2,1440,-1436.390625
1744,2,1442,-1436.390625
1745,2,1444,-1436.390625
1746,2,1446,-1436.390625
1747,2,1448,-1436.390625
1748,2,1450,-1436.390625
1749,2,1452,-1436.390625
1750,2,1454,-1436.390625
1751,2,1456,-1436.390625
1752,2,1458,-1436.390625
1753,2,1460,-1436.390625
1754,2,1462,-1436.390625
1755,2,1464,-1436.390625
1756,2,1466,-1436.390625
1757,2,1468,-1436.390625
1758,2,1470,-1436.390625
1759,2,1472,-1436.390625
1760,2,1474,-1436.390625
1761,2,1476,-1436.390625
1762,2,1478,-1436.390625
1763,2,1480,-1436.390625
1764,2,1482,-1436.390625
1765,2,1484,-1436.390625
1766,2,1486,-1436.390625
1767,2,1488,-1436.390625
1768,2,1490,-1436.390625
1769,2,1492,-1436.390625
1770,2,1494,-1436.390625
1771,2,1496,-1436.390625
1772,2,1498,-1436.390625
1773,2,1500,-1436.390625
1774,2,1502,-1436.390625
1775,2,1504,-1436.390625
1776,2,1506,-1436.390625
1777,2,1508,-1436.390625
1778,2,1510,-1436.390625
1779,2,1512,-1436.390625
1780,2,1514,-1436.390625
1781,2,1516,-1436.390625
1782,2,1518,-1436.390625
1783,2,1520,-1436.390625
1784,2,1522,-1436.390625
1785,2,1524,-1436.390625
1786,2,1526,-1436.390625
1787,2,1528,-1436.390625
1788,2,1530,-1436.390625
1789,2,1532,-1436.390625
1790,2,1534,-1436.390625
1791,2,1536,-1436.390625
1792,2,1538,-1436.390625
1793,2,1540,-1436.390625
1794,2,1542,-1436.390625
1795,2,1544,-1436.390625
1796,2,1546,-1436.390625
1797,2,1548,-1436.390625
1798,2,1550,-1436.390625
1799,2,1552,-1436.390625
1800,2,1554,-1436.390625
1801,2,1556,-1436.390625
1802,2,1558,-1436.390625
1803,2,1560,-1436.390625
1804,2,1562,-1436.390625
1805,2,1564,-1436.390625
1806,2,1566,-1436.390625
1807,2,1568,-1436.390625
1808,2,1570,-1436.390625
1809,2,1572,-1436.390625
1810,2,1574,-1436.390625
1811,2,1576,-1436.390625
1812,2,1578,-1436.390625
1813,2,1580,-1436.390625
1814,2,1582,-1436.390625
1815,2,1584,-1436.390625
1816,2,1586,-1436.390625
1817,2,1588,-1436.390625
1818,2,1590,-1436.390625
1819,2,1592,-1436.390625
1820,2,1594,-1436.390625
1821,2,1596,-1436.390625
1822,2,1598,-1436.390625
1823,2,1600,-1436.390625
1824,2,1602,-1436.390625
1825,2,1604,-1436.390625
1826,2,1606,-1436.390625
1827,2,1608,-1436.390625
1828,2,1610,-1436.390625
1829,2,1612,-1436.390625
1830,2,1614,-1436.390625
1831,2,1616,-1436.390625
1832,2,1618,-1436.390625
1833,2,1620,-1436.390625
1834,2,1622,-1436.390625
1835,2,1624,-1436.390625
1836,2,1626,-1436.390625
1837,2,1628,-1436.390625
1838,2,1630,-1436.390625
1839,2,1632,-1436.390625
1840,2,1634,-1436.390625
1841,2,1636,-1436.390625
1842,2,1638,-1436.390625
1843,2,1640,-1436.390625
1844,2,1642,-1436.390625
1845,2,1644,-1436.390625
1846,2,1646,-1436.390625
1847,2,1648,-1436.390625
1848,2,1650,-1436.390625
1849,2,1652,-1436.390625
1850,2,1654,-1436.390625
1851,2,1656,-1436.390625
1852,2,1658,-1436.390625
1853,2,1660,-1436.390625
1854,2,1662,-1436.390625
1855,2,1664,-1436.390625
1856,2,1666,-1436.390625
1857,2,1668,-1436.390625
1858,2,1670,-1436.390625
1859,2,1672,-1436.390625
1860,2,1674,-1436.390625
1861,2,1676,-1436.390625
1862,2,1678,-1436.390625
1863,2,1680,-1436.390625
1864,2,1682,-1436.390625
1865,2,1684,-1436.390625
1866,2,1686,-1436.390625
1867,2,1688,-1436.390625
1868,2,1690,-1436.390625
1869,2,1692,-1436.390625
1870,2,1694,-1436.390625
1871,2,1696,-1436.390625
1872,2,1698,-1436.390625
1873,2,1700,-1436.390625
1874,2,1702,-1436.390625
1875,2,1704,-1436.390625
1876,2,1706,-1436.390625
1877,2,1708,-1436.390625
1878,2,1710,-1436.390625
1879,2,1712,-1436.390625
1880,2,1714,-1436.390625
1881,2,1716,-1436.390625
1882,2,1718,-1436.390625
1883,2,1720,-1436.390625
1884,2,1722,-1436.390625
1885,2,1724,-1436.390625
1886,2,1726,-1436.390625
1887,2,1728,-1436.390625
1888,2,1730,-1436.390625
1889,2,1732,-1436.390625
1890,2,1734,-1436.390625
1891,2,1736,-1436.390625
1892,2,1738,-1436.390625
1893,2,1740,-1436.390625
1894,2,1742,-1436.390625
1895,2,1744,-1436.390625
1896,2,1746,-1436.390625
1897,2,1748,-1436.390625
1898,2,1750,-1436.390625
1899,2,1752,-1436.390625
1900,2,1754,-1436.390625
1901,2,1756,-1436.390625
1902,2,1758,-1436.390625
1903,2,1760,-1436.390625
1904,2,1762,-1436.390625
1905,2,1764,-1436.390625
1906,2,1766,-1436.390625
1907,2,1768,-1436.390625
1908,2,1770,-1436.390625
1909,2,1772,-1436.390625
1910,2,1774,-1436.390625
1911,2,1776,-1436.390625
1912,2,1778,-1436.390625
1913,2,1780,-1436.390625
1914,2,1782,-1436.390625
1915,2,1784,-1436.390625
1916,2,1786,-1436.390625
1917,2,1788,-1436.390625
1918,2,1790,-1436.390625
1919,2,1792,-1436.390625
1920,2,1794,-1436.390625
1921,2,1796,-1436.390625
1922,2,1798,-1436.390625
1923,2,1800,-1436.390625
1924,2,1802,-1436.390625
1925,2,1804,-1436.390625
1926,2,1806,-1436.390625
1927,2,1808,-1436.390625
1928,2,1810,-1436.390625
1929,2,1812,-1436.390625
1930,2,1814,-1436.390625
1931,2,1816,-1436.390625
1932,2,1818,-1436.390625
1933,2,1820,-1436.390625
1934,2,1822,-1436.390625
1935,2,1824,-1436.390625
1936,2,1826,-1436.390625
1937,2,1828,-1436.390625
1938,2,1830,-1436.390625
1939,2,1832,-1436.390625
1940,2,1834,-1436.390625
1941,2,1836,-1436.390625
1942,2,1838,-1436.390625
1943,2,1840,-1436.390625
1944,2,1842,-1436.390625
1945,2,1844,-1436.390625
1946,2,1846,-1436.390625
1947,2,1848,-1436.390625
1948,2,1850,-1436.390625
1949,2,1852,-1436.390625
1950,2,1854,-1436.390625
1951,2,1856,-1436.390625
1952,2,1858,-1436.390625
1953,2,1860,-1436.390625
1954,2,1862,-1436.390625
1955,2,1864,-1436.390625
1956,2,1866,-1436.390625
1957,2,1868,-1436.390625
1958,2,1870,-1436.390625
1959,2,1872,-1436.390625
1960,2,1874,-1436.390625
1961,2,1876,-1436.390625
1962,2,1878,-1436.390625
1963,2,1880,-1436.390625
1964,2,1882,-1436.390625
1965,2,1884,-1436.390625
1966,2,1886,-1436.390625
1967,2,1888,-1436.390625
1968,2,1890,-1436.390625
1969,2,1892,-1436.390625
1970,2,1894,-1436.390625
1971,2,1896,-1436.390625
1972,2,1898,-1436.390625
1973,2,1900,-1436.390625
1974,2,1902,-1436.390625
1975,2,1904,-1436.390625
1976,2,1906,-1436.390625
1977,2,1908,-1436.390625
1978,2,1910,-1436.390625
1979,2,1912,-1436.390625
1980,2,1914,-1436.390625
1981,2,1916,-1436.390625
1982,2,1918,-1436.390625
1983,2,1920,-1436.390625
1984,2,1922,-1436.390625
1985,2,1924,-1436.390625
1986,2,1926,-1436.390625
1987,2,1928,-1436.390625
1988,2,1930,-1436.390625
1989,2,1932,-1436.390625
1990,2,1934,-1436.390625
1991,2,1936,-1436.390625
1992,2,1938,-1436.390625
1993,2,1940,-1436.390625
1994,2,1942,-1436.390625
1995,2,1944,-1436.390625
1996,2,1946,-1436.390625
1997,2,1948,-1436.390625
1998,2,1950,-1436.390625
1999,2,1952,-1436.390625
2000,2,1954,-1436.390625
2001,2,1956,-1436.390625
2002,2,1958,-1436.390625
2003,2,1960,-1436.390625
2004,2,1962,-1436.390625
2005,2,1964,-1436.390625
2006,2,1966,-1436.390625
2007,2,1968,-1436.390625
2008,2,1970,-1436.390625
2009,2,1972,-1436.390625
2010,2,1974,-1436.390625
2011,2,1976,-1436.390625
2012,2,1978,-1436.390625
2013,2,1980,-1436.390625
2014,2,1982,-1436.390625
2015,2,1984,-1436.390625
2016,2,1986,-1436.390625
2017,2,1988,-1436.390625
2018,2,1990,-1436.390625
2019,2,1992,-1436.390625
2020,2,1994,-1436.390625
2021,2,1996,-1436.390625
2022,2,1998,-1436.390625
2023,2,2000,-1436.390625
2024,2,2002,-1436.390625
2025,2,2004,-1436.390625
2026,2,2006,-1436.390625
2027,2,2008,-1436.390625
2028,2,2010,-1436.390625
2029,2,2012,-1436.390625
2030,2,2014,-1436.390625
2031,2,2016,-1436.390625
2032,2,2018,-1436.390625
2033,2,2020,-1436.390625
2034,2,2022,-1436.390625
2035,2,2024,-1436.390625
2036,2,2026,-1436.390625
2037,2,2028,-1436.390625
2038,2,2030,-1436.390625
2039,2,2032,-1436.390625
2040,2,2034,-1436.390625
2041,2,2036,-1436.390625
2042,2,2038,-1436.390625
2043,2,2040,-1436.390625
2044,2,2042,-1436.390625
2045,2,2044,-1436.390625
2046,2,2046,-1436.390625
2047,2,2048,-1436.390625
