,num_iterations,updates,energy
0,1,1,-170.5
1,1,2,-170.63671875
2,1,3,-170.890625
3,1,4,-170.890625
4,1,5,-171.04296875
5,1,6,-171.04296875
6,1,7,-171.21875
7,1,8,-171.41796875
8,1,9,-171.41796875
9,1,10,-171.41796875
10,1,11,-171.671875
11,1,12,-171.671875
12,1,13,-171.671875
13,1,14,-171.671875
14,1,15,-171.671875
15,1,16,-171.88671875
16,1,17,-172.125
17,1,18,-172.125
18,1,19,-172.125
19,1,20,-172.125
20,1,21,-172.125
21,1,22,-172.125
22,1,23,-172.38671875
23,1,24,-172.640625
24,1,25,-172.640625
25,1,26,-172.91796875
26,1,27,-172.91796875
27,1,28,-172.91796875
28,1,29,-172.91796875
29,1,30,-173.21875
30,1,31,-173.54296875
31,1,32,-173.54296875
32,1,33,-173.890625
33,1,34,-173.890625
34,1,35,-173.890625
35,1,36,-173.890625
36,1,37,-174.26171875
37,1,38,-174.26171875
38,1,39,-174.65625
39,1,40,-175.07421875
40,1,41,-175.07421875
41,1,42,-175.07421875
42,1,43,-175.07421875
43,1,44,-175.515625
44,1,45,-175.515625
45,1,46,-175.73046875
46,1,47,-175.73046875
47,1,48,-175.73046875
48,1,49,-176.1875
49,1,50,-176.1875
50,1,51,-176.41796875
51,1,52,-176.41796875
52,1,53,-176.41796875
53,1,54,-176.671875
54,1,55,-176.671875
55,1,56,-177.13671875
56,1,57,-177.13671875
57,1,58,-177.13671875
58,1,59,-177.13671875
59,1,60,-177.13671875
60,1,61,-177.13671875
61,1,62,-177.625
62,1,63,-177.625
63,1,64,-177.625
64,1,65,-177.625
65,1,66,-178.13671875
66,1,67,-178.13671875
67,1,68,-178.13671875
68,1,69,-178.671875
69,1,70,-178.671875
70,1,71,-178.671875
71,1,72,-178.671875
72,1,73,-179.23046875
73,1,74,-179.23046875
74,1,75,-179.8125
75,1,76,-179.8125
76,1,77,-180.41796875
77,1,78,-181.046875
78,1,79,-181.046875
79,1,80,-181.046875
80,1,81,-181.69921875
81,1,82,-181.69921875
82,1,83,-181.69921875
83,1,84,-181.69921875
84,1,85,-181.69921875
85,1,86,-181.69921875
86,1,87,-182.375
87,1,88,-182.375
88,1,89,-183.07421875
89,1,90,-183.07421875
90,1,91,-183.796875
91,1,92,-183.796875
92,1,93,-183.796875
93,1,94,-184.54296875
94,1,95,-184.54296875
95,1,96,-185.3125
96,1,97,-185.3125
97,1,98,-185.3125
98,1,99,-185.3125
99,1,100,-185.3125
100,1,101,-185.48046875
101,1,102,-186.265625
102,1,103,-186.265625
103,1,104,-186.265625
104,1,105,-186.265625
105,1,106,-186.265625
106,1,107,-186.265625
107,1,108,-186.265625
108,1,109,-186.265625
109,1,110,-186.265625
110,1,111,-186.265625
111,1,112,-186.265625
112,1,113,-186.265625
113,1,114,-186.265625
114,1,115,-186.265625
115,1,116,-186.265625
116,1,117,-186.265625
117,1,118,-186.265625
118,1,119,-186.44921875
119,1,120,-186.44921875
120,1,121,-187.25
121,1,122,-187.44921875
122,1,123,-187.44921875
123,1,124,-187.671875
124,1,125,-187.671875
125,1,126,-187.671875
126,1,127,-187.671875
127,1,128,-188.48046875
128,1,129,-189.3125
129,1,130,-189.3125
130,1,131,-190.16796875
131,1,132,-190.16796875
132,1,133,-190.16796875
133,1,134,-191.046875
134,1,135,-191.046875
135,1,136,-191.046875
136,1,137,-191.046875
137,1,138,-191.046875
138,1,139,-191.046875
139,1,140,-191.046875
140,1,141,-191.94921875
141,1,142,-191.94921875
142,1,143,-192.875
143,1,144,-193.82421875
144,1,145,-193.82421875
145,1,146,-194.796875
146,1,147,-195.79296875
147,1,148,-195.79296875
148,1,149,-195.79296875
149,1,150,-196.8125
150,1,151,-196.8125
151,1,152,-196.98046875
152,1,153,-196.98046875
153,1,154,-198.015625
154,1,155,-198.015625
155,1,156,-198.015625
156,1,157,-198.015625
157,1,158,-198.015625
158,1,159,-198.015625
159,1,160,-198.19921875
160,1,161,-199.25
161,1,162,-199.25
162,1,163,-199.25
163,1,164,-199.25
164,1,165,-199.25
165,1,166,-199.25
166,1,167,-200.32421875
167,1,168,-200.32421875
168,1,169,-200.32421875
169,1,170,-200.32421875
170,1,171,-200.32421875
171,1,172,-200.32421875
172,1,173,-200.515625
173,1,174,-200.515625
174,1,175,-200.515625
175,1,176,-200.73046875
176,1,177,-201.8125
177,1,178,-201.8125
178,1,179,-201.8125
179,1,180,-201.8125
180,1,181,-201.8125
181,1,182,-201.8125
182,1,183,-201.8125
183,1,184,-201.8125
184,1,185,-201.8125
185,1,186,-202.91796875
186,1,187,-202.91796875
187,1,188,-202.91796875
188,1,189,-204.046875
189,1,190,-205.19921875
190,1,191,-206.375
191,1,192,-207.57421875
192,1,193,-207.765625
193,1,194,-207.765625
194,1,195,-208.98046875
195,1,196,-208.98046875
196,1,197,-208.98046875
197,1,198,-210.21875
198,1,199,-211.48046875
199,1,200,-211.48046875
200,1,201,-212.765625
201,1,202,-212.765625
202,1,203,-212.765625
203,1,204,-212.765625
204,1,205,-212.765625
205,1,206,-212.765625
206,1,207,-212.94921875
207,1,208,-212.94921875
208,1,209,-212.94921875
209,1,210,-214.25
210,1,211,-215.57421875
211,1,212,-215.57421875
212,1,213,-216.921875
213,1,214,-216.921875
214,1,215,-216.921875
215,1,216,-218.29296875
216,1,217,-218.29296875
217,1,218,-218.29296875
218,1,219,-218.29296875
219,1,220,-219.6875
220,1,221,-221.10546875
221,1,222,-222.546875
222,1,223,-222.546875
223,1,224,-224.01171875
224,1,225,-224.01171875
225,1,226,-225.5
226,1,227,-225.5
227,1,228,-227.01171875
228,1,229,-228.546875
229,1,230,-228.546875
230,1,231,-228.546875
231,1,232,-228.546875
232,1,233,-228.546875
233,1,234,-230.10546875
234,1,235,-231.6875
235,1,236,-231.6875
236,1,237,-231.79296875
237,1,238,-231.79296875
238,1,239,-231.79296875
239,1,240,-233.390625
240,1,241,-233.390625
241,1,242,-233.390625
242,1,243,-233.390625
243,1,244,-235.01171875
244,1,245,-235.01171875
245,1,246,-235.01171875
246,1,247,-235.01171875
247,1,248,-235.01171875
248,1,249,-235.01171875
249,1,250,-235.01171875
250,1,251,-235.01171875
251,1,252,-235.01171875
252,1,253,-235.01171875
253,1,254,-235.01171875
254,1,255,-235.01171875
255,1,256,-235.01171875
256,1,257,-235.01171875
257,1,258,-235.01171875
258,1,259,-236.65625
259,1,260,-238.32421875
260,1,261,-238.32421875
261,1,262,-238.32421875
262,1,263,-238.32421875
263,1,264,-240.015625
264,1,265,-241.73046875
265,1,266,-241.73046875
266,1,267,-241.73046875
267,1,268,-241.73046875
268,1,269,-241.73046875
269,1,270,-241.8125
270,1,271,-243.54296875
271,1,272,-243.640625
272,1,273,-243.640625
273,1,274,-243.640625
274,1,275,-243.640625
275,1,276,-245.38671875
276,1,277,-247.15625
277,1,278,-247.15625
278,1,279,-248.94921875
279,1,280,-248.94921875
280,1,281,-248.94921875
281,1,282,-248.94921875
282,1,283,-250.765625
283,1,284,-250.765625
284,1,285,-252.60546875
285,1,286,-254.46875
286,1,287,-254.46875
287,1,288,-254.46875
288,1,289,-254.46875
289,1,290,-254.46875
290,1,291,-254.46875
291,1,292,-256.35546875
292,1,293,-256.35546875
293,1,294,-256.35546875
294,1,295,-258.265625
295,1,296,-258.265625
296,1,297,-258.265625
297,1,298,-258.265625
298,1,299,-258.32421875
299,1,300,-260.25
300,1,301,-260.25
301,1,302,-260.25
302,1,303,-260.25
303,1,304,-262.19921875
304,1,305,-262.19921875
305,1,306,-264.171875
306,1,307,-264.171875
307,1,308,-264.171875
308,1,309,-264.171875
309,1,310,-264.23046875
310,1,311,-264.23046875
311,1,312,-264.23046875
312,1,313,-264.23046875
313,1,314,-264.23046875
314,1,315,-266.21875
315,1,316,-266.21875
316,1,317,-268.23046875
317,1,318,-268.296875
318,1,319,-268.296875
319,1,320,-270.32421875
320,1,321,-272.375
321,1,322,-274.44921875
322,1,323,-276.546875
323,1,324,-276.546875
324,1,325,-276.546875
325,1,326,-276.546875
326,1,327,-276.546875
327,1,328,-276.546875
328,1,329,-278.66796875
329,1,330,-278.66796875
330,1,331,-278.66796875
331,1,332,-280.8125
332,1,333,-282.98046875
333,1,334,-282.98046875
334,1,335,-282.98046875
335,1,336,-282.98046875
336,1,337,-282.98046875
337,1,338,-282.98046875
338,1,339,-282.98046875
339,1,340,-282.98046875
340,1,341,-282.98046875
341,1,342,-282.98046875
342,1,343,-282.98046875
343,1,344,-282.98046875
344,1,345,-282.98046875
345,1,346,-282.98046875
346,1,347,-282.98046875
347,1,348,-282.98046875
348,1,349,-282.98046875
349,1,350,-282.98046875
350,1,351,-282.98046875
351,1,352,-282.98046875
352,1,353,-282.98046875
353,1,354,-282.98046875
354,1,355,-282.98046875
355,1,356,-285.171875
356,1,357,-285.19921875
357,1,358,-287.40625
358,1,359,-287.40625
359,1,360,-289.63671875
360,1,361,-289.63671875
361,1,362,-291.890625
362,1,363,-291.890625
363,1,364,-291.890625
364,1,365,-291.890625
365,1,366,-294.16796875
366,1,367,-294.16796875
367,1,368,-294.16796875
368,1,369,-294.16796875
369,1,370,-296.46875
370,1,371,-296.48046875
371,1,372,-298.796875
372,1,373,-298.796875
373,1,374,-298.82421875
374,1,375,-298.82421875
375,1,376,-298.82421875
376,1,377,-298.82421875
377,1,378,-298.82421875
378,1,379,-298.82421875
379,1,380,-298.82421875
380,1,381,-301.15625
381,1,382,-303.51171875
382,1,383,-303.51171875
383,1,384,-303.51171875
384,1,385,-303.51171875
385,1,386,-305.890625
386,1,387,-305.890625
387,1,388,-308.29296875
388,1,389,-308.29296875
389,1,390,-308.29296875
390,1,391,-308.29296875
391,1,392,-308.29296875
392,1,393,-308.29296875
393,1,394,-308.29296875
394,1,395,-308.29296875
395,1,396,-308.29296875
396,1,397,-308.29296875
397,1,398,-308.29296875
398,1,399,-308.29296875
399,1,400,-308.29296875
400,1,401,-308.29296875
401,1,402,-308.29296875
402,1,403,-308.29296875
403,1,404,-310.71875
404,1,405,-310.71875
405,1,406,-313.16796875
406,1,407,-313.16796875
407,1,408,-315.640625
408,1,409,-318.13671875
409,1,410,-318.13671875
410,1,411,-318.13671875
411,1,412,-318.13671875
412,1,413,-318.13671875
413,1,414,-318.13671875
414,1,415,-318.13671875
415,1,416,-318.13671875
416,1,417,-320.65625
417,1,418,-323.19921875
418,1,419,-325.765625
419,1,420,-325.765625
420,1,421,-328.35546875
421,1,422,-328.35546875
422,1,423,-328.35546875
423,1,424,-328.35546875
424,1,425,-328.35546875
425,1,426,-330.96875
426,1,427,-333.60546875
427,1,428,-333.60546875
428,1,429,-333.60546875
429,1,430,-333.60546875
430,1,431,-336.265625
431,1,432,-336.265625
432,1,433,-336.265625
433,1,434,-336.265625
434,1,435,-338.94921875
435,1,436,-339.046875
436,1,437,-339.046875
437,1,438,-339.046875
438,1,439,-339.046875
439,1,440,-339.046875
440,1,441,-341.76171875
441,1,442,-341.76171875
442,1,443,-341.76171875
443,1,444,-341.76171875
444,1,445,-341.76171875
445,1,446,-341.76171875
446,1,447,-341.76171875
447,1,448,-341.76171875
448,1,449,-341.76171875
449,1,450,-341.76171875
450,1,451,-344.5
451,1,452,-344.5
452,1,453,-344.5
453,1,454,-344.5
454,1,455,-344.5
455,1,456,-344.5
456,1,457,-344.5
457,1,458,-344.5
458,1,459,-344.5
459,1,460,-344.5
460,1,461,-347.26171875
461,1,462,-347.26171875
462,1,463,-350.046875
463,1,464,-350.19921875
464,1,465,-350.19921875
465,1,466,-350.19921875
466,1,467,-350.19921875
467,1,468,-350.19921875
468,1,469,-353.015625
469,1,470,-355.85546875
470,1,471,-358.71875
471,1,472,-358.71875
472,1,473,-358.71875
473,1,474,-361.60546875
474,1,475,-361.60546875
475,1,476,-364.515625
476,1,477,-364.515625
477,1,478,-367.44921875
478,1,479,-367.44921875
479,1,480,-370.40625
480,1,481,-373.38671875
481,1,482,-376.390625
482,1,483,-379.41796875
483,1,484,-379.41796875
484,1,485,-379.41796875
485,1,486,-382.46875
486,1,487,-382.73046875
487,1,488,-382.73046875
488,1,489,-382.73046875
489,1,490,-382.73046875
490,1,491,-382.73046875
491,1,492,-385.8125
492,1,493,-385.8125
493,1,494,-386.10546875
494,1,495,-386.10546875
495,1,496,-386.10546875
496,1,497,-389.21875
497,1,498,-392.35546875
498,1,499,-392.35546875
499,1,500,-392.35546875
500,1,501,-395.515625
501,1,502,-398.69921875
502,1,503,-401.90625
503,1,504,-401.90625
504,1,505,-401.90625
505,1,506,-405.13671875
506,1,507,-405.13671875
507,1,508,-405.13671875
508,1,509,-405.13671875
509,1,510,-405.13671875
510,1,511,-405.13671875
511,1,512,-405.13671875
512,1,513,-405.13671875
513,1,514,-405.13671875
514,1,515,-405.13671875
515,1,516,-405.13671875
516,1,517,-405.13671875
517,1,518,-405.13671875
518,1,519,-405.13671875
519,1,520,-408.390625
520,1,521,-408.390625
521,1,522,-411.66796875
522,1,523,-414.96875
523,1,524,-414.96875
524,1,525,-414.96875
525,1,526,-414.96875
526,1,527,-414.96875
527,1,528,-414.96875
528,1,529,-418.29296875
529,1,530,-418.29296875
530,1,531,-418.29296875
531,1,532,-421.640625
532,1,533,-421.640625
533,1,534,-421.640625
534,1,535,-421.640625
535,1,536,-421.640625
536,1,537,-421.640625
537,1,538,-421.640625
538,1,539,-425.01171875
539,1,540,-425.421875
540,1,541,-425.85546875
541,1,542,-425.85546875
542,1,543,-425.85546875
543,1,544,-425.85546875
544,1,545,-425.85546875
545,1,546,-426.3125
546,1,547,-426.3125
547,1,548,-426.3125
548,1,549,-426.3125
549,1,550,-426.3125
550,1,551,-426.3125
551,1,552,-426.3125
552,1,553,-429.73046875
553,1,554,-429.73046875
554,1,555,-429.73046875
555,1,556,-429.73046875
556,1,557,-433.171875
557,1,558,-433.171875
558,1,559,-433.171875
559,1,560,-433.171875
560,1,561,-436.63671875
561,1,562,-437.140625
562,1,563,-440.63671875
563,1,564,-440.63671875
564,1,565,-440.63671875
565,1,566,-441.171875
566,1,567,-444.69921875
567,1,568,-444.69921875
568,1,569,-444.69921875
569,1,570,-444.69921875
570,1,571,-448.25
571,1,572,-448.25
572,1,573,-448.25
573,1,574,-448.25
574,1,575,-448.25
575,1,576,-448.25
576,1,577,-448.25
577,1,578,-448.25
578,1,579,-451.82421875
579,1,580,-455.421875
580,1,581,-455.421875
581,1,582,-455.421875
582,1,583,-459.04296875
583,1,584,-462.6875
584,1,585,-462.6875
585,1,586,-462.6875
586,1,587,-466.35546875
587,1,588,-466.35546875
588,1,589,-466.35546875
589,1,590,-466.35546875
590,1,591,-470.046875
591,1,592,-470.046875
592,1,593,-470.046875
593,1,594,-473.76171875
594,1,595,-473.76171875
595,1,596,-473.76171875
596,1,597,-477.5
597,1,598,-477.5
598,1,599,-477.5
599,1,600,-477.5
600,1,601,-477.5
601,1,602,-477.5
602,1,603,-481.26171875
603,1,604,-481.26171875
604,1,605,-481.26171875
605,1,606,-481.26171875
606,1,607,-485.046875
607,1,608,-485.046875
608,1,609,-485.046875
609,1,610,-488.85546875
610,1,611,-488.85546875
611,1,612,-489.515625
612,1,613,-489.515625
613,1,614,-493.35546875
614,1,615,-493.35546875
615,1,616,-497.21875
616,1,617,-497.21875
617,1,618,-497.21875
618,1,619,-497.21875
619,1,620,-501.10546875
620,1,621,-501.10546875
621,1,622,-505.015625
622,1,623,-505.015625
623,1,624,-505.015625
624,1,625,-505.015625
625,1,626,-508.94921875
626,1,627,-512.90625
627,1,628,-516.88671875
628,1,629,-520.890625
629,1,630,-520.890625
630,1,631,-520.890625
631,1,632,-520.890625
632,1,633,-520.890625
633,1,634,-520.890625
634,1,635,-524.91796875
635,1,636,-525.671875
636,1,637,-526.44921875
637,1,638,-526.44921875
638,1,639,-526.44921875
639,1,640,-526.44921875
640,1,641,-526.44921875
641,1,642,-526.44921875
642,1,643,-526.44921875
643,1,644,-526.44921875
644,1,645,-526.44921875
645,1,646,-530.515625
646,1,647,-534.60546875
647,1,648,-538.71875
648,1,649,-542.85546875
649,1,650,-543.6875
650,1,651,-547.85546875
651,1,652,-552.046875
652,1,653,-552.91796875
653,1,654,-552.91796875
654,1,655,-552.91796875
655,1,656,-552.91796875
656,1,657,-552.91796875
657,1,658,-552.91796875
658,1,659,-552.91796875
659,1,660,-552.91796875
660,1,661,-552.91796875
661,1,662,-552.91796875
662,1,663,-552.91796875
663,1,664,-557.140625
664,1,665,-557.140625
665,1,666,-557.140625
666,1,667,-557.140625
667,1,668,-558.04296875
668,1,669,-562.296875
669,1,670,-562.296875
670,1,671,-566.57421875
671,1,672,-566.57421875
672,1,673,-566.57421875
673,1,674,-566.57421875
674,1,675,-566.57421875
675,1,676,-566.57421875
676,1,677,-570.875
677,1,678,-570.875
678,1,679,-570.875
679,1,680,-570.875
680,1,681,-570.875
681,1,682,-571.82421875
682,1,683,-572.796875
683,1,684,-572.796875
684,1,685,-572.796875
685,1,686,-572.796875
686,1,687,-572.796875
687,1,688,-572.796875
688,1,689,-572.796875
689,1,690,-572.796875
690,1,691,-577.13671875
691,1,692,-581.5
692,1,693,-581.5
693,1,694,-581.5
694,1,695,-585.88671875
695,1,696,-585.88671875
696,1,697,-585.88671875
697,1,698,-585.88671875
698,1,699,-586.90625
699,1,700,-586.90625
700,1,701,-591.32421875
701,1,702,-592.375
702,1,703,-592.375
703,1,704,-596.82421875
704,1,705,-601.296875
705,1,706,-601.296875
706,1,707,-605.79296875
707,1,708,-610.3125
708,1,709,-610.3125
709,1,710,-611.41796875
710,1,711,-612.546875
711,1,712,-612.546875
712,1,713,-612.546875
713,1,714,-617.10546875
714,1,715,-621.6875
715,1,716,-621.6875
716,1,717,-621.6875
717,1,718,-621.6875
718,1,719,-626.29296875
719,1,720,-630.921875
720,1,721,-630.921875
721,1,722,-630.921875
722,1,723,-630.921875
723,1,724,-630.921875
724,1,725,-630.921875
725,1,726,-630.921875
726,1,727,-635.57421875
727,1,728,-640.25
728,1,729,-641.44921875
729,1,730,-646.15625
730,1,731,-646.15625
731,1,732,-646.15625
732,1,733,-650.88671875
733,1,734,-650.88671875
734,1,735,-655.640625
735,1,736,-660.41796875
736,1,737,-660.41796875
737,1,738,-665.21875
738,1,739,-670.04296875
739,1,740,-670.04296875
740,1,741,-671.3125
741,1,742,-676.16796875
742,1,743,-677.46875
743,1,744,-678.79296875
744,1,745,-678.79296875
745,1,746,-678.79296875
746,1,747,-683.6875
747,1,748,-688.60546875
748,1,749,-688.60546875
749,1,750,-693.546875
750,1,751,-698.51171875
751,1,752,-698.51171875
752,1,753,-703.5
753,1,754,-703.5
754,1,755,-703.5
755,1,756,-703.5
756,1,757,-703.5
757,1,758,-703.5
758,1,759,-703.5
759,1,760,-708.51171875
760,1,761,-708.51171875
761,1,762,-709.90625
762,1,763,-709.90625
763,1,764,-709.90625
764,1,765,-714.94921875
765,1,766,-720.015625
766,1,767,-725.10546875
767,1,768,-726.546875
768,1,769,-726.546875
769,1,770,-726.546875
770,1,771,-726.546875
771,1,772,-731.66796875
772,1,773,-736.8125
773,1,774,-741.98046875
774,1,775,-741.98046875
775,1,776,-741.98046875
776,1,777,-741.98046875
777,1,778,-741.98046875
778,1,779,-741.98046875
779,1,780,-747.171875
780,1,781,-752.38671875
781,1,782,-752.38671875
782,1,783,-752.38671875
783,1,784,-752.38671875
784,1,785,-752.38671875
785,1,786,-752.38671875
786,1,787,-752.38671875
787,1,788,-752.38671875
788,1,789,-752.38671875
789,1,790,-757.625
790,1,791,-762.88671875
791,1,792,-768.171875
792,1,793,-773.48046875
793,1,794,-773.48046875
794,1,795,-778.8125
795,1,796,-778.8125
796,1,797,-778.8125
797,1,798,-784.16796875
798,1,799,-784.16796875
799,1,800,-789.546875
800,1,801,-794.94921875
801,1,802,-800.375
802,1,803,-800.375
803,1,804,-800.375
804,1,805,-805.82421875
805,1,806,-805.82421875
806,1,807,-807.40625
807,1,808,-807.40625
808,1,809,-807.40625
809,1,810,-807.40625
810,1,811,-812.88671875
811,1,812,-818.390625
812,1,813,-818.390625
813,1,814,-818.390625
814,1,815,-818.390625
815,1,816,-823.91796875
816,1,817,-823.91796875
817,1,818,-829.46875
818,1,819,-835.04296875
819,1,820,-835.04296875
820,1,821,-835.04296875
821,1,822,-835.04296875
822,1,823,-835.04296875
823,1,824,-840.640625
824,1,825,-840.640625
825,1,826,-840.640625
826,1,827,-842.29296875
827,1,828,-842.29296875
828,1,829,-842.29296875
829,1,830,-842.29296875
830,1,831,-842.29296875
831,1,832,-842.29296875
832,1,833,-847.921875
833,1,834,-847.921875
834,1,835,-847.921875
835,1,836,-847.921875
836,1,837,-853.57421875
837,1,838,-859.25
838,1,839,-859.25
839,1,840,-859.25
840,1,841,-864.94921875
841,1,842,-870.671875
842,1,843,-876.41796875
843,1,844,-876.41796875
844,1,845,-882.1875
845,1,846,-882.1875
846,1,847,-882.1875
847,1,848,-882.1875
848,1,849,-887.98046875
849,1,850,-887.98046875
850,1,851,-887.98046875
851,1,852,-887.98046875
852,1,853,-887.98046875
853,1,854,-887.98046875
854,1,855,-893.796875
855,1,856,-893.796875
856,1,857,-893.796875
857,1,858,-893.796875
858,1,859,-893.796875
859,1,860,-893.796875
860,1,861,-893.796875
861,1,862,-893.796875
862,1,863,-893.796875
863,1,864,-893.796875
864,1,865,-893.796875
865,1,866,-895.54296875
866,1,867,-895.54296875
867,1,868,-901.390625
868,1,869,-907.26171875
869,1,870,-913.15625
870,1,871,-919.07421875
871,1,872,-925.015625
872,1,873,-930.98046875
873,1,874,-930.98046875
874,1,875,-936.96875
875,1,876,-942.98046875
876,1,877,-942.98046875
877,1,878,-942.98046875
878,1,879,-942.98046875
879,1,880,-949.015625
880,1,881,-955.07421875
881,1,882,-961.15625
882,1,883,-967.26171875
883,1,884,-973.390625
884,1,885,-979.54296875
885,1,886,-979.54296875
886,1,887,-979.54296875
887,1,888,-985.71875
888,1,889,-985.71875
889,1,890,-991.91796875
890,1,891,-998.140625
891,1,892,-998.140625
892,1,893,-1000.04296875
893,1,894,-1000.04296875
894,1,895,-1000.04296875
895,1,896,-1000.04296875
896,1,897,-1000.04296875
897,1,898,-1006.296875
898,1,899,-1012.57421875
899,1,900,-1012.57421875
900,1,901,-1012.57421875
901,1,902,-1012.57421875
902,1,903,-1018.875
903,1,904,-1018.875
904,1,905,-1020.82421875
905,1,906,-1027.15625
906,1,907,-1033.51171875
907,1,908,-1039.890625
908,1,909,-1039.890625
909,1,910,-1046.29296875
910,1,911,-1046.29296875
911,1,912,-1046.29296875
912,1,913,-1046.29296875
913,1,914,-1052.71875
914,1,915,-1052.71875
915,1,916,-1052.71875
916,1,917,-1052.71875
917,1,918,-1052.71875
918,1,919,-1052.71875
919,1,920,-1054.73046875
920,1,921,-1061.1875
921,1,922,-1061.1875
922,1,923,-1061.1875
923,1,924,-1067.66796875
924,1,925,-1067.66796875
925,1,926,-1067.66796875
926,1,927,-1074.171875
927,1,928,-1074.171875
928,1,929,-1080.69921875
929,1,930,-1080.69921875
930,1,931,-1082.765625
931,1,932,-1089.32421875
932,1,933,-1095.90625
933,1,934,-1095.90625
934,1,935,-1095.90625
935,1,936,-1095.90625
936,1,937,-1095.90625
937,1,938,-1095.90625
938,1,939,-1102.51171875
939,1,940,-1102.51171875
940,1,941,-1102.51171875
941,1,942,-1109.140625
942,1,943,-1109.140625
943,1,944,-1109.140625
944,1,945,-1115.79296875
945,1,946,-1115.79296875
946,1,947,-1115.79296875
947,1,948,-1115.79296875
948,1,949,-1115.79296875
949,1,950,-1115.79296875
950,1,951,-1122.46875
951,1,952,-1129.16796875
952,1,953,-1129.16796875
953,1,954,-1129.16796875
954,1,955,-1129.16796875
955,1,956,-1135.890625
956,1,957,-1135.890625
957,1,958,-1142.63671875
958,1,959,-1149.40625
959,1,960,-1149.40625
960,1,961,-1149.40625
961,1,962,-1149.40625
962,1,963,-1149.40625
963,1,964,-1149.40625
964,1,965,-1149.41796875
965,1,966,-1149.453125
966,1,967,-1156.26171875
967,1,968,-1158.421875
968,1,969,-1158.421875
969,1,970,-1158.421875
970,1,971,-1158.421875
971,1,972,-1158.48046875
972,1,973,-1158.48046875
973,1,974,-1158.48046875
974,1,975,-1165.328125
975,1,976,-1167.51171875
976,1,977,-1174.390625
977,1,978,-1174.390625
978,1,979,-1181.29296875
979,1,980,-1181.29296875
980,1,981,-1181.29296875
981,1,982,-1181.29296875
982,1,983,-1181.29296875
983,1,984,-1181.29296875
984,1,985,-1183.515625
985,1,986,-1183.60546875
986,1,987,-1183.60546875
987,1,988,-1183.60546875
988,1,989,-1190.546875
989,1,990,-1190.546875
990,1,991,-1190.546875
991,1,992,-1190.546875
992,1,993,-1190.66796875
993,1,994,-1197.640625
994,1,995,-1204.63671875
995,1,996,-1211.65625
996,1,997,-1218.69921875
997,1,998,-1220.96875
998,1,999,-1220.96875
999,1,1000,-1223.26171875
1000,1,1001,-1230.34375
1001,1,1002,-1232.66796875
1002,1,1003,-1239.78125
1003,1,1004,-1246.91796875
1004,1,1005,-1254.078125
1005,1,1006,-1254.078125
1006,1,1007,-1261.26171875
1007,1,1008,-1268.46875
1008,1,1009,-1268.66796875
1009,1,1010,-1268.890625
1010,1,1011,-1268.890625
1011,1,1012,-1269.13671875
1012,1,1013,-1269.40625
1013,1,1014,-1269.40625
1014,1,1015,-1269.40625
1015,1,1016,-1269.40625
1016,1,1017,-1276.66796875
1017,1,1018,-1279.03125
1018,1,1019,-1279.03125
1019,1,1020,-1286.32421875
1020,1,1021,-1286.625
1021,1,1022,-1293.94921875
1022,1,1023,-1301.296875
1023,1,1024,-1301.296875
1024,2,2,-1301.296875
1025,2,4,-1301.296875
1026,2,6,-1301.296875
1027,2,8,-1301.296875
1028,2,10,-1301.63671875
1029,2,12,-1301.63671875
1030,2,14,-1301.63671875
1031,2,16,-1301.63671875
1032,2,18,-1301.63671875
1033,2,20,-1301.63671875
1034,2,22,-1301.63671875
1035,2,24,-1301.63671875
1036,2,26,-1301.63671875
1037,2,28,-1301.63671875
1038,2,30,-1301.63671875
1039,2,32,-1301.63671875
1040,2,34,-1301.63671875
1041,2,36,-1301.63671875
1042,2,38,-1302.0
1043,2,40,-1302.0
1044,2,42,-1302.0
1045,2,44,-1302.0
1046,2,46,-1302.0
1047,2,48,-1302.0
1048,2,50,-1302.0
1049,2,52,-1302.0
1050,2,54,-1302.0
1051,2,56,-1302.38671875
1052,2,58,-1302.38671875
1053,2,60,-1302.796875
1054,2,62,-1303.23046875
1055,2,64,-1305.59375
1056,2,66,-1305.59375
1057,2,68,-1305.59375
1058,2,70,-1305.59375
1059,2,72,-1305.59375
1060,2,74,-1305.59375
1061,2,76,-1305.59375
1062,2,78,-1306.04296875
1063,2,80,-1306.04296875
1064,2,82,-1306.04296875
1065,2,84,-1306.515625
1066,2,86,-1306.515625
1067,2,88,-1306.515625
1068,2,90,-1306.515625
1069,2,92,-1306.515625
1070,2,94,-1307.01171875
1071,2,96,-1307.01171875
1072,2,98,-1307.53125
1073,2,100,-1307.53125
1074,2,102,-1307.53125
1075,2,104,-1307.53125
1076,2,106,-1307.53125
1077,2,108,-1307.53125
1078,2,110,-1307.53125
1079,2,112,-1307.53125
1080,2,114,-1307.53125
1081,2,116,-1307.53125
1082,2,118,-1309.88671875
1083,2,120,-1309.88671875
1084,2,122,-1309.88671875
1085,2,124,-1309.88671875
1086,2,126,-1309.88671875
1087,2,128,-1310.421875
1088,2,130,-1310.421875
1089,2,132,-1310.421875
1090,2,134,-1310.421875
1091,2,136,-1310.421875
1092,2,138,-1310.98046875
1093,2,140,-1311.5625
1094,2,142,-1311.5625
1095,2,144,-1311.5625
1096,2,146,-1311.5625
1097,2,148,-1312.16796875
1098,2,150,-1312.16796875
1099,2,152,-1312.16796875
1100,2,154,-1312.16796875
1101,2,156,-1312.16796875
1102,2,158,-1312.16796875
1103,2,160,-1312.16796875
1104,2,162,-1312.16796875
1105,2,164,-1312.16796875
1106,2,166,-1312.16796875
1107,2,168,-1312.16796875
1108,2,170,-1312.16796875
1109,2,172,-1312.16796875
1110,2,174,-1312.796875
1111,2,176,-1312.796875
1112,2,178,-1312.796875
1113,2,180,-1312.796875
1114,2,182,-1312.796875
1115,2,184,-1312.796875
1116,2,186,-1312.796875
1117,2,188,-1312.796875
1118,2,190,-1312.796875
1119,2,192,-1313.44921875
1120,2,194,-1313.44921875
1121,2,196,-1313.44921875
1122,2,198,-1313.44921875
1123,2,200,-1315.78125
1124,2,202,-1315.78125
1125,2,204,-1315.78125
1126,2,206,-1315.78125
1127,2,208,-1315.78125
1128,2,210,-1316.44921875
1129,2,212,-1316.44921875
1130,2,214,-1316.44921875
1131,2,216,-1316.44921875
1132,2,218,-1316.44921875
1133,2,220,-1316.44921875
1134,2,222,-1316.44921875
1135,2,224,-1318.796875
1136,2,226,-1318.796875
1137,2,228,-1318.796875
1138,2,230,-1318.796875
1139,2,232,-1318.796875
1140,2,234,-1321.16796875
1141,2,236,-1321.16796875
1142,2,238,-1321.84375
1143,2,240,-1321.84375
1144,2,242,-1321.84375
1145,2,244,-1321.84375
1146,2,246,-1321.84375
1147,2,248,-1321.84375
1148,2,250,-1321.84375
1149,2,252,-1321.84375
1150,2,254,-1322.54296875
1151,2,256,-1322.54296875
1152,2,258,-1322.54296875
1153,2,260,-1322.54296875
1154,2,262,-1322.54296875
1155,2,264,-1322.54296875
1156,2,266,-1322.54296875
1157,2,268,-1322.54296875
1158,2,270,-1322.54296875
1159,2,272,-1322.54296875
1160,2,274,-1322.54296875
1161,2,276,-1322.54296875
1162,2,278,-1323.265625
1163,2,280,-1324.01171875
1164,2,282,-1324.01171875
1165,2,284,-1324.01171875
1166,2,286,-1324.01171875
1167,2,288,-1324.01171875
1168,2,290,-1324.01171875
1169,2,292,-1324.78125
1170,2,294,-1324.78125
1171,2,296,-1324.78125
1172,2,298,-1325.57421875
1173,2,300,-1325.57421875
1174,2,302,-1325.57421875
1175,2,304,-1325.57421875
1176,2,306,-1325.57421875
1177,2,308,-1325.57421875
1178,2,310,-1325.57421875
1179,2,312,-1325.57421875
1180,2,314,-1325.57421875
1181,2,316,-1325.57421875
1182,2,318,-1325.57421875
1183,2,320,-1326.390625
1184,2,322,-1327.23046875
1185,2,324,-1327.23046875
1186,2,326,-1327.23046875
1187,2,328,-1327.23046875
1188,2,330,-1327.23046875
1189,2,332,-1327.23046875
1190,2,334,-1327.23046875
1191,2,336,-1327.23046875
1192,2,338,-1327.23046875
1193,2,340,-1327.23046875
1194,2,342,-1327.23046875
1195,2,344,-1327.23046875
1196,2,346,-1327.23046875
1197,2,348,-1327.23046875
1198,2,350,-1329.5625
1199,2,352,-1329.5625
1200,2,354,-1329.5625
1201,2,356,-1329.5625
1202,2,358,-1329.5625
1203,2,360,-1329.5625
1204,2,362,-1329.5625
1205,2,364,-1329.5625
1206,2,366,-1329.5625
1207,2,368,-1329.5625
1208,2,370,-1329.5625
1209,2,372,-1330.41796875
1210,2,374,-1330.41796875
1211,2,376,-1331.296875
1212,2,378,-1331.296875
1213,2,380,-1331.296875
1214,2,382,-1331.296875
1215,2,384,-1331.296875
1216,2,386,-1331.296875
1217,2,388,-1331.296875
1218,2,390,-1331.296875
1219,2,392,-1331.296875
1220,2,394,-1331.296875
1221,2,396,-1331.296875
1222,2,398,-1331.296875
1223,2,400,-1331.296875
1224,2,402,-1331.296875
1225,2,404,-1331.296875
1226,2,406,-1332.19921875
1227,2,408,-1333.125
1228,2,410,-1333.125
1229,2,412,-1333.125
1230,2,414,-1333.125
1231,2,416,-1333.125
1232,2,418,-1333.125
1233,2,420,-1333.125
1234,2,422,-1333.125
1235,2,424,-1333.125
1236,2,426,-1333.125
1237,2,428,-1333.125
1238,2,430,-1334.07421875
1239,2,432,-1334.07421875
1240,2,434,-1334.07421875
1241,2,436,-1334.07421875
1242,2,438,-1334.07421875
1243,2,440,-1334.07421875
1244,2,442,-1336.390625
1245,2,444,-1336.390625
1246,2,446,-1336.390625
1247,2,448,-1338.73046875
1248,2,450,-1338.73046875
1249,2,452,-1339.6875
1250,2,454,-1339.6875
1251,2,456,-1339.6875
1252,2,458,-1339.6875
1253,2,460,-1339.6875
1254,2,462,-1339.6875
1255,2,464,-1340.66796875
1256,2,466,-1340.66796875
1257,2,468,-1340.66796875
1258,2,470,-1340.66796875
1259,2,472,-1340.66796875
1260,2,474,-1340.66796875
1261,2,476,-1340.66796875
1262,2,478,-1340.66796875
1263,2,480,-1340.66796875
1264,2,482,-1340.66796875
1265,2,484,-1340.66796875
1266,2,486,-1341.671875
1267,2,488,-1342.69921875
1268,2,490,-1342.69921875
1269,2,492,-1343.75
1270,2,494,-1343.75
1271,2,496,-1344.82421875
1272,2,498,-1344.82421875
1273,2,500,-1344.82421875
1274,2,502,-1344.82421875
1275,2,504,-1344.82421875
1276,2,506,-1344.82421875
1277,2,508,-1344.82421875
1278,2,510,-1345.921875
1279,2,512,-1345.921875
1280,2,514,-1345.921875
1281,2,516,-1345.921875
1282,2,518,-1345.921875
1283,2,520,-1345.921875
1284,2,522,-1345.921875
1285,2,524,-1347.04296875
1286,2,526,-1347.04296875
1287,2,528,-1349.34375
1288,2,530,-1349.34375
1289,2,532,-1349.34375
1290,2,534,-1349.34375
1291,2,536,-1349.34375
1292,2,538,-1349.34375
1293,2,540,-1349.34375
1294,2,542,-1349.34375
1295,2,544,-1349.34375
1296,2,546,-1349.34375
1297,2,548,-1349.34375
1298,2,550,-1349.34375
1299,2,552,-1349.34375
1300,2,554,-1349.34375
1301,2,556,-1349.34375
1302,2,558,-1349.34375
1303,2,560,-1351.66796875
1304,2,562,-1351.66796875
1305,2,564,-1351.66796875
1306,2,566,-1351.66796875
1307,2,568,-1352.796875
1308,2,570,-1352.796875
1309,2,572,-1352.796875
1310,2,574,-1352.796875
1311,2,576,-1352.796875
1312,2,578,-1352.796875
1313,2,580,-1352.796875
1314,2,582,-1352.796875
1315,2,584,-1352.796875
1316,2,586,-1352.796875
1317,2,588,-1352.796875
1318,2,590,-1352.796875
1319,2,592,-1352.796875
1320,2,594,-1352.796875
1321,2,596,-1352.796875
1322,2,598,-1352.796875
1323,2,600,-1352.796875
1324,2,602,-1352.796875
1325,2,604,-1352.796875
1326,2,606,-1352.796875
1327,2,608,-1352.796875
1328,2,610,-1352.796875
1329,2,612,-1352.796875
1330,2,614,-1352.796875
1331,2,616,-1352.796875
1332,2,618,-1352.796875
1333,2,620,-1352.796875
1334,2,622,-1352.796875
1335,2,624,-1352.796875
1336,2,626,-1352.796875
1337,2,628,-1355.13671875
1338,2,630,-1357.5
1339,2,632,-1357.5
1340,2,634,-1357.5
1341,2,636,-1357.5
1342,2,638,-1357.5
1343,2,640,-1357.5
1344,2,642,-1359.88671875
1345,2,644,-1359.88671875
1346,2,646,-1359.88671875
1347,2,648,-1359.88671875
1348,2,650,-1362.296875
1349,2,652,-1363.41796875
1350,2,654,-1363.41796875
1351,2,656,-1363.41796875
1352,2,658,-1364.5625
1353,2,660,-1364.5625
1354,2,662,-1364.5625
1355,2,664,-1364.5625
1356,2,666,-1364.5625
1357,2,668,-1364.5625
1358,2,670,-1364.5625
1359,2,672,-1366.98046875
1360,2,674,-1366.98046875
1361,2,676,-1366.98046875
1362,2,678,-1366.98046875
1363,2,680,-1366.98046875
1364,2,682,-1366.98046875
1365,2,684,-1366.98046875
1366,2,686,-1366.98046875
1367,2,688,-1366.98046875
1368,2,690,-1366.98046875
1369,2,692,-1369.421875
1370,2,694,-1369.421875
1371,2,696,-1369.421875
1372,2,698,-1369.421875
1373,2,700,-1369.421875
1374,2,702,-1369.421875
1375,2,704,-1369.421875
1376,2,706,-1369.421875
1377,2,708,-1370.57421875
1378,2,710,-1370.57421875
1379,2,712,-1370.57421875
1380,2,714,-1370.57421875
1381,2,716,-1370.57421875
1382,2,718,-1370.57421875
1383,2,720,-1371.75
1384,2,722,-1371.75
1385,2,724,-1371.75
1386,2,726,-1371.75
1387,2,728,-1371.75
1388,2,730,-1372.94921875
1389,2,732,-1372.94921875
1390,2,734,-1372.94921875
1391,2,736,-1372.94921875
1392,2,738,-1372.94921875
1393,2,740,-1374.171875
1394,2,742,-1374.171875
1395,2,744,-1375.41796875
1396,2,746,-1375.41796875
1397,2,748,-1375.41796875
1398,2,750,-1376.6875
1399,2,752,-1376.6875
1400,2,754,-1377.98046875
1401,2,756,-1377.98046875
1402,2,758,-1377.98046875
1403,2,760,-1377.98046875
1404,2,762,-1379.296875
1405,2,764,-1379.296875
1406,2,766,-1379.296875
1407,2,768,-1379.296875
1408,2,770,-1379.296875
1409,2,772,-1379.296875
1410,2,774,-1379.296875
1411,2,776,-1379.296875
1412,2,778,-1379.296875
1413,2,780,-1379.296875
1414,2,782,-1379.296875
1415,2,784,-1381.69921875
1416,2,786,-1381.69921875
1417,2,788,-1384.125
1418,2,790,-1384.125
1419,2,792,-1385.44921875
1420,2,794,-1385.44921875
1421,2,796,-1385.44921875
1422,2,798,-1385.44921875
1423,2,800,-1385.44921875
1424,2,802,-1385.44921875
1425,2,804,-1385.44921875
1426,2,806,-1385.44921875
1427,2,808,-1385.44921875
1428,2,810,-1385.44921875
1429,2,812,-1385.44921875
1430,2,814,-1385.44921875
1431,2,816,-1385.44921875
1432,2,818,-1385.44921875
1433,2,820,-1385.44921875
1434,2,822,-1385.44921875
1435,2,824,-1385.44921875
1436,2,826,-1385.44921875
1437,2,828,-1385.44921875
1438,2,830,-1385.44921875
1439,2,832,-1385.44921875
1440,2,834,-1385.44921875
1441,2,836,-1385.44921875
1442,2,838,-1385.44921875
1443,2,840,-1386.796875
1444,2,842,-1386.796875
1445,2,844,-1386.796875
1446,2,846,-1386.796875
1447,2,848,-1386.796875
1448,2,850,-1386.796875
1449,2,852,-1386.796875
1450,2,854,-1386.796875
1451,2,856,-1386.796875
1452,2,858,-1386.796875
1453,2,860,-1386.796875
1454,2,862,-1386.796875
1455,2,864,-1388.16796875
1456,2,866,-1388.16796875
1457,2,868,-1388.16796875
1458,2,870,-1388.16796875
1459,2,872,-1388.16796875
1460,2,874,-1388.16796875
1461,2,876,-1388.16796875
1462,2,878,-1389.5625
1463,2,880,-1389.5625
1464,2,882,-1389.5625
1465,2,884,-1389.5625
1466,2,886,-1390.98046875
1467,2,888,-1390.98046875
1468,2,890,-1390.98046875
1469,2,892,-1390.98046875
1470,2,894,-1390.98046875
1471,2,896,-1390.98046875
1472,2,898,-1390.98046875
1473,2,900,-1390.98046875
1474,2,902,-1390.98046875
1475,2,904,-1390.98046875
1476,2,906,-1390.98046875
1477,2,908,-1390.98046875
1478,2,910,-1392.421875
1479,2,912,-1392.421875
1480,2,914,-1392.421875
1481,2,916,-1392.421875
1482,2,918,-1392.421875
1483,2,920,-1392.421875
1484,2,922,-1392.421875
1485,2,924,-1392.421875
1486,2,926,-1392.421875
1487,2,928,-1392.421875
1488,2,930,-1392.421875
1489,2,932,-1392.421875
1490,2,934,-1392.421875
1491,2,936,-1392.421875
1492,2,938,-1392.421875
1493,2,940,-1392.421875
1494,2,942,-1392.421875
1495,2,944,-1392.421875
1496,2,946,-1392.421875
1497,2,948,-1392.421875
1498,2,950,-1392.421875
1499,2,952,-1392.421875
1500,2,954,-1392.421875
1501,2,956,-1392.421875
1502,2,958,-1392.421875
1503,2,960,-1392.421875
1504,2,962,-1392.421875
1505,2,964,-1392.421875
1506,2,966,-1392.421875
1507,2,968,-1392.421875
1508,2,970,-1392.421875
1509,2,972,-1392.421875
1510,2,974,-1392.421875
1511,2,976,-1392.421875
1512,2,978,-1392.421875
1513,2,980,-1392.421875
1514,2,982,-1392.421875
1515,2,984,-1392.421875
1516,2,986,-1392.421875
1517,2,988,-1392.421875
1518,2,990,-1392.421875
1519,2,992,-1392.421875
1520,2,994,-1392.421875
1521,2,996,-1392.421875
1522,2,998,-1392.421875
1523,2,1000,-1393.88671875
1524,2,1002,-1393.88671875
1525,2,1004,-1395.375
1526,2,1006,-1395.375
1527,2,1008,-1395.375
1528,2,1010,-1395.375
1529,2,1012,-1395.375
1530,2,1014,-1396.88671875
1531,2,1016,-1396.88671875
1532,2,1018,-1396.88671875
1533,2,1020,-1396.88671875
1534,2,1022,-1396.88671875
1535,2,1024,-1396.88671875
1536,2,1026,-1396.88671875
1537,2,1028,-1396.88671875
1538,2,1030,-1396.88671875
1539,2,1032,-1396.88671875
1540,2,1034,-1396.88671875
1541,2,1036,-1399.265625
1542,2,1038,-1399.265625
1543,2,1040,-1399.265625
1544,2,1042,-1399.265625
1545,2,1044,-1399.265625
1546,2,1046,-1399.265625
1547,2,1048,-1399.265625
1548,2,1050,-1399.265625
1549,2,1052,-1399.265625
1550,2,1054,-1399.265625
1551,2,1056,-1399.265625
1552,2,1058,-1399.265625
1553,2,1060,-1399.265625
1554,2,1062,-1399.265625
1555,2,1064,-1399.265625
1556,2,1066,-1399.265625
1557,2,1068,-1399.265625
1558,2,1070,-1400.79296875
1559,2,1072,-1403.1875
1560,2,1074,-1403.1875
1561,2,1076,-1403.1875
1562,2,1078,-1403.1875
1563,2,1080,-1403.1875
1564,2,1082,-1403.1875
1565,2,1084,-1403.1875
1566,2,1086,-1403.1875
1567,2,1088,-1405.60546875
1568,2,1090,-1405.60546875
1569,2,1092,-1408.046875
1570,2,1094,-1408.046875
1571,2,1096,-1408.046875
1572,2,1098,-1409.57421875
1573,2,1100,-1409.57421875
1574,2,1102,-1409.57421875
1575,2,1104,-1409.57421875
1576,2,1106,-1409.57421875
1577,2,1108,-1409.57421875
1578,2,1110,-1409.57421875
1579,2,1112,-1409.57421875
1580,2,1114,-1412.03125
1581,2,1116,-1412.03125
1582,2,1118,-1412.03125
1583,2,1120,-1412.03125
1584,2,1122,-1412.03125
1585,2,1124,-1412.03125
1586,2,1126,-1412.03125
1587,2,1128,-1412.03125
1588,2,1130,-1412.03125
1589,2,1132,-1412.03125
1590,2,1134,-1412.03125
1591,2,1136,-1412.03125
1592,2,1138,-1412.03125
1593,2,1140,-1412.03125
1594,2,1142,-1412.03125
1595,2,1144,-1412.03125
1596,2,1146,-1412.03125
1597,2,1148,-1413.57421875
1598,2,1150,-1413.57421875
1599,2,1152,-1413.57421875
1600,2,1154,-1413.57421875
1601,2,1156,-1413.57421875
1602,2,1158,-1413.57421875
1603,2,1160,-1413.57421875
1604,2,1162,-1413.57421875
1605,2,1164,-1413.57421875
1606,2,1166,-1413.57421875
1607,2,1168,-1413.57421875
1608,2,1170,-1413.57421875
1609,2,1172,-1413.57421875
1610,2,1174,-1413.57421875
1611,2,1176,-1413.57421875
1612,2,1178,-1413.57421875
1613,2,1180,-1413.57421875
1614,2,1182,-1413.57421875
1615,2,1184,-1413.57421875
1616,2,1186,-1413.57421875
1617,2,1188,-1416.046875
1618,2,1190,-1416.046875
1619,2,1192,-1416.046875
1620,2,1194,-1418.54296875
1621,2,1196,-1418.54296875
1622,2,1198,-1418.54296875
1623,2,1200,-1418.54296875
1624,2,1202,-1418.54296875
1625,2,1204,-1418.54296875
1626,2,1206,-1420.09375
1627,2,1208,-1420.09375
1628,2,1210,-1420.09375
1629,2,1212,-1420.09375
1630,2,1214,-1421.66796875
1631,2,1216,-1424.171875
1632,2,1218,-1424.171875
1633,2,1220,-1424.171875
1634,2,1222,-1424.171875
1635,2,1224,-1424.171875
1636,2,1226,-1425.76171875
1637,2,1228,-1425.76171875
1638,2,1230,-1427.375
1639,2,1232,-1427.375
1640,2,1234,-1427.375
1641,2,1236,-1427.375
1642,2,1238,-1427.375
1643,2,1240,-1427.375
1644,2,1242,-1427.375
1645,2,1244,-1429.01171875
1646,2,1246,-1429.01171875
1647,2,1248,-1430.671875
1648,2,1250,-1430.671875
1649,2,1252,-1432.35546875
1650,2,1254,-1434.84375
1651,2,1256,-1434.84375
1652,2,1258,-1434.84375
1653,2,1260,-1434.84375
1654,2,1262,-1434.84375
1655,2,1264,-1434.84375
1656,2,1266,-1437.35546875
1657,2,1268,-1437.35546875
1658,2,1270,-1437.35546875
1659,2,1272,-1437.35546875
1660,2,1274,-1437.35546875
1661,2,1276,-1437.35546875
1662,2,1278,-1437.35546875
1663,2,1280,-1437.35546875
1664,2,1282,-1439.890625
1665,2,1284,-1439.890625
1666,2,1286,-1439.890625
1667,2,1288,-1439.890625
1668,2,1290,-1439.890625
1669,2,1292,-1439.890625
1670,2,1294,-1439.890625
1671,2,1296,-1439.890625
1672,2,1298,-1439.890625
1673,2,1300,-1439.890625
1674,2,1302,-1439.890625
1675,2,1304,-1439.890625
1676,2,1306,-1439.890625
1677,2,1308,-1439.890625
1678,2,1310,-1442.44921875
1679,2,1312,-1442.44921875
1680,2,1314,-1444.125
1681,2,1316,-1444.125
1682,2,1318,-1444.125
1683,2,1320,-1444.125
1684,2,1322,-1446.69921875
1685,2,1324,-1446.69921875
1686,2,1326,-1446.69921875
1687,2,1328,-1448.390625
1688,2,1330,-1448.390625
1689,2,1332,-1448.390625
1690,2,1334,-1448.390625
1691,2,1336,-1448.390625
1692,2,1338,-1448.390625
1693,2,1340,-1448.390625
1694,2,1342,-1448.390625
1695,2,1344,-1450.10546875
1696,2,1346,-1450.10546875
1697,2,1348,-1451.84375
1698,2,1350,-1451.84375
1699,2,1352,-1451.84375
1700,2,1354,-1451.84375
1701,2,1356,-1451.84375
1702,2,1358,-1451.84375
1703,2,1360,-1451.84375
1704,2,1362,-1451.84375
1705,2,1364,-1451.84375
1706,2,1366,-1451.84375
1707,2,1368,-1451.84375
1708,2,1370,-1451.84375
1709,2,1372,-1454.41796875
1710,2,1374,-1454.41796875
1711,2,1376,-1457.015625
1712,2,1378,-1458.76171875
1713,2,1380,-1458.76171875
1714,2,1382,-1458.76171875
1715,2,1384,-1458.76171875
1716,2,1386,-1461.375
1717,2,1388,-1461.375
1718,2,1390,-1461.375
1719,2,1392,-1461.375
1720,2,1394,-1464.01171875
1721,2,1396,-1464.01171875
1722,2,1398,-1464.01171875
1723,2,1400,-1464.01171875
1724,2,1402,-1464.01171875
1725,2,1404,-1465.765625
1726,2,1406,-1467.54296875
1727,2,1408,-1469.34375
1728,2,1410,-1469.34375
1729,2,1412,-1469.34375
1730,2,1414,-1469.34375
1731,2,1416,-1469.34375
1732,2,1418,-1469.34375
1733,2,1420,-1469.34375
1734,2,1422,-1471.98046875
1735,2,1424,-1471.98046875
1736,2,1426,-1471.98046875
1737,2,1428,-1471.98046875
1738,2,1430,-1471.98046875
1739,2,1432,-1471.98046875
1740,2,1434,-1471.98046875
1741,2,1436,-1471.98046875
1742,2,1438,-1473.796875
1743,2,1440,-1473.796875
1744,2,1442,-1473.796875
1745,2,1444,-1473.796875
1746,2,1446,-1473.796875
1747,2,1448,-1473.796875
1748,2,1450,-1476.44921875
1749,2,1452,-1476.44921875
1750,2,1454,-1478.28125
1751,2,1456,-1478.28125
1752,2,1458,-1478.28125
1753,2,1460,-1478.28125
1754,2,1462,-1480.94921875
1755,2,1464,-1480.94921875
1756,2,1466,-1480.94921875
1757,2,1468,-1482.796875
1758,2,1470,-1482.796875
1759,2,1472,-1482.796875
1760,2,1474,-1482.796875
1761,2,1476,-1482.796875
1762,2,1478,-1482.796875
1763,2,1480,-1482.796875
1764,2,1482,-1482.796875
1765,2,1484,-1482.796875
1766,2,1486,-1482.796875
1767,2,1488,-1482.796875
1768,2,1490,-1482.796875
1769,2,1492,-1482.796875
1770,2,1494,-1482.796875
1771,2,1496,-1482.796875
1772,2,1498,-1482.796875
1773,2,1500,-1482.796875
1774,2,1502,-1484.66796875
1775,2,1504,-1486.5625
1776,2,1506,-1486.5625
1777,2,1508,-1486.5625
1778,2,1510,-1486.5625
1779,2,1512,-1486.5625
1780,2,1514,-1488.48046875
1781,2,1516,-1490.421875
1782,2,1518,-1492.38671875
1783,2,1520,-1492.38671875
1784,2,1522,-1495.03125
1785,2,1524,-1495.03125
1786,2,1526,-1495.03125
1787,2,1528,-1495.03125
1788,2,1530,-1495.03125
1789,2,1532,-1497.01171875
1790,2,1534,-1497.01171875
1791,2,1536,-1497.01171875
1792,2,1538,-1497.01171875
1793,2,1540,-1497.01171875
1794,2,1542,-1497.01171875
1795,2,1544,-1497.01171875
1796,2,1546,-1499.015625
1797,2,1548,-1499.015625
1798,2,1550,-1501.04296875
1799,2,1552,-1501.04296875
1800,2,1554,-1501.04296875
1801,2,1556,-1501.04296875
1802,2,1558,-1501.04296875
1803,2,1560,-1501.04296875
1804,2,1562,-1503.09375
1805,2,1564,-1503.09375
1806,2,1566,-1505.16796875
1807,2,1568,-1505.16796875
1808,2,1570,-1505.16796875
1809,2,1572,-1505.16796875
1810,2,1574,-1505.16796875
1811,2,1576,-1505.16796875
1812,2,1578,-1505.16796875
1813,2,1580,-1505.16796875
1814,2,1582,-1505.16796875
1815,2,1584,-1505.16796875
1816,2,1586,-1505.16796875
1817,2,1588,-1505.16796875
1818,2,1590,-1505.16796875
1819,2,1592,-1505.16796875
1820,2,1594,-1505.16796875
1821,2,1596,-1505.16796875
1822,2,1598,-1505.16796875
1823,2,1600,-1505.16796875
1824,2,1602,-1505.16796875
1825,2,1604,-1505.16796875
1826,2,1606,-1505.16796875
1827,2,1608,-1507.265625
1828,2,1610,-1507.265625
1829,2,1612,-1507.265625
1830,2,1614,-1507.265625
1831,2,1616,-1507.265625
1832,2,1618,-1507.265625
1833,2,1620,-1507.265625
1834,2,1622,-1509.88671875
1835,2,1624,-1509.88671875
1836,2,1626,-1509.88671875
1837,2,1628,-1509.88671875
1838,2,1630,-1509.88671875
1839,2,1632,-1509.88671875
1840,2,1634,-1512.0
1841,2,1636,-1512.0
1842,2,1638,-1512.0
1843,2,1640,-1512.0
1844,2,1642,-1512.0
1845,2,1644,-1512.0
1846,2,1646,-1512.0
1847,2,1648,-1512.0
1848,2,1650,-1512.0
1849,2,1652,-1512.0
1850,2,1654,-1512.0
1851,2,1656,-1512.0
1852,2,1658,-1512.0
1853,2,1660,-1512.0
1854,2,1662,-1514.63671875
1855,2,1664,-1514.63671875
1856,2,1666,-1514.63671875
1857,2,1668,-1514.63671875
1858,2,1670,-1514.63671875
1859,2,1672,-1514.63671875
1860,2,1674,-1514.63671875
1861,2,1676,-1514.63671875
1862,2,1678,-1514.63671875
1863,2,1680,-1514.63671875
1864,2,1682,-1514.63671875
1865,2,1684,-1514.63671875
1866,2,1686,-1514.63671875
1867,2,1688,-1514.63671875
1868,2,1690,-1514.63671875
1869,2,1692,-1517.296875
1870,2,1694,-1517.296875
1871,2,1696,-1519.98046875
1872,2,1698,-1519.98046875
1873,2,1700,-1519.98046875
1874,2,1702,-1519.98046875
1875,2,1704,-1519.98046875
1876,2,1706,-1519.98046875
1877,2,1708,-1522.6875
1878,2,1710,-1522.6875
1879,2,1712,-1522.6875
1880,2,1714,-1522.6875
1881,2,1716,-1522.6875
1882,2,1718,-1522.6875
1883,2,1720,-1522.6875
1884,2,1722,-1522.6875
1885,2,1724,-1524.79296875
1886,2,1726,-1524.79296875
1887,2,1728,-1526.921875
1888,2,1730,-1526.921875
1889,2,1732,-1526.921875
1890,2,1734,-1526.921875
1891,2,1736,-1526.921875
1892,2,1738,-1526.921875
1893,2,1740,-1526.921875
1894,2,1742,-1529.07421875
1895,2,1744,-1529.07421875
1896,2,1746,-1529.07421875
1897,2,1748,-1529.07421875
1898,2,1750,-1529.07421875
1899,2,1752,-1529.07421875
1900,2,1754,-1529.07421875
1901,2,1756,-1529.07421875
1902,2,1758,-1531.25
1903,2,1760,-1531.25
1904,2,1762,-1531.25
1905,2,1764,-1531.25
1906,2,1766,-1531.25
1907,2,1768,-1531.25
1908,2,1770,-1531.25
1909,2,1772,-1531.25
1910,2,1774,-1531.25
1911,2,1776,-1531.25
1912,2,1778,-1531.25
1913,2,1780,-1531.25
1914,2,1782,-1531.25
1915,2,1784,-1531.25
1916,2,1786,-1531.25
1917,2,1788,-1533.94921875
1918,2,1790,-1536.140625
1919,2,1792,-1538.35546875
1920,2,1794,-1538.35546875
1921,2,1796,-1538.35546875
1922,2,1798,-1541.0625
1923,2,1800,-1541.0625
1924,2,1802,-1541.0625
1925,2,1804,-1541.0625
1926,2,1806,-1541.0625
1927,2,1808,-1541.0625
1928,2,1810,-1541.0625
1929,2,1812,-1541.0625
1930,2,1814,-1541.0625
1931,2,1816,-1541.0625
1932,2,1818,-1541.0625
1933,2,1820,-1541.0625
1934,2,1822,-1541.0625
1935,2,1824,-1541.0625
1936,2,1826,-1541.0625
1937,2,1828,-1541.0625
1938,2,1830,-1541.0625
1939,2,1832,-1541.0625
1940,2,1834,-1541.0625
1941,2,1836,-1541.0625
1942,2,1838,-1541.0625
1943,2,1840,-1541.0625
1944,2,1842,-1541.0625
1945,2,1844,-1541.0625
1946,2,1846,-1543.29296875
1947,2,1848,-1545.546875
1948,2,1850,-1545.546875
1949,2,1852,-1545.546875
1950,2,1854,-1547.82421875
1951,2,1856,-1547.82421875
1952,2,1858,-1547.82421875
1953,2,1860,-1550.125
1954,2,1862,-1550.125
1955,2,1864,-1550.125
1956,2,1866,-1552.44921875
1957,2,1868,-1552.44921875
1958,2,1870,-1552.44921875
1959,2,1872,-1552.44921875
1960,2,1874,-1552.44921875
1961,2,1876,-1552.44921875
1962,2,1878,-1552.44921875
1963,2,1880,-1552.44921875
1964,2,1882,-1554.796875
1965,2,1884,-1557.16796875
1966,2,1886,-1557.16796875
1967,2,1888,-1557.16796875
1968,2,1890,-1557.16796875
1969,2,1892,-1557.16796875
1970,2,1894,-1557.16796875
1971,2,1896,-1557.16796875
1972,2,1898,-1557.16796875
1973,2,1900,-1557.16796875
1974,2,1902,-1557.16796875
1975,2,1904,-1557.16796875
1976,2,1906,-1557.16796875
1977,2,1908,-1557.16796875
1978,2,1910,-1557.16796875
1979,2,1912,-1557.16796875
1980,2,1914,-1557.16796875
1981,2,1916,-1557.16796875
1982,2,1918,-1557.16796875
1983,2,1920,-1557.16796875
1984,2,1922,-1557.16796875
1985,2,1924,-1557.16796875
1986,2,1926,-1557.16796875
1987,2,1928,-1557.16796875
1988,2,1930,-1557.16796875
1989,2,1932,-1557.16796875
1990,2,1934,-1557.16796875
1991,2,1936,-1559.5625
1992,2,1938,-1559.5625
1993,2,1940,-1559.5625
1994,2,1942,-1561.98046875
1995,2,1944,-1561.98046875
1996,2,1946,-1561.98046875
1997,2,1948,-1561.98046875
1998,2,1950,-1564.421875
1999,2,1952,-1564.421875
2000,2,1954,-1564.421875
2001,2,1956,-1564.421875
2002,2,1958,-1564.421875
2003,2,1960,-1564.421875
2004,2,1962,-1567.07421875
2005,2,1964,-1569.53125
2006,2,1966,-1569.53125
2007,2,1968,-1569.53125
2008,2,1970,-1569.53125
2009,2,1972,-1572.19921875
2010,2,1974,-1572.19921875
2011,2,1976,-1572.19921875
2012,2,1978,-1574.671875
2013,2,1980,-1574.671875
2014,2,1982,-1574.671875
2015,2,1984,-1574.671875
2016,2,1986,-1574.671875
2017,2,1988,-1577.16796875
2018,2,1990,-1577.16796875
2019,2,1992,-1579.84375
2020,2,1994,-1579.84375
2021,2,1996,-1582.35546875
2022,2,1998,-1582.35546875
2023,2,2000,-1582.35546875
2024,2,2002,-1582.35546875
2025,2,2004,-1582.35546875
2026,2,2006,-1582.35546875
2027,2,2008,-1582.35546875
2028,2,2010,-1585.046875
2029,2,2012,-1585.046875
2030,2,2014,-1585.046875
2031,2,2016,-1585.046875
2032,2,2018,-1585.046875
2033,2,2020,-1585.046875
2034,2,2022,-1585.046875
2035,2,2024,-1585.046875
2036,2,2026,-1585.046875
2037,2,2028,-1585.046875
2038,2,2030,-1585.046875
2039,2,2032,-1585.046875
2040,2,2034,-1585.046875
2041,2,2036,-1585.046875
2042,2,2038,-1587.76171875
2043,2,2040,-1590.28125
2044,2,2042,-1590.28125
2045,2,2044,-1593.01171875
2046,2,2046,-1593.01171875
2047,2,2048,-1593.01171875
2048,3,3,-1593.01171875
2049,3,6,-1593.01171875
2050,3,9,-1593.01171875
2051,3,12,-1593.01171875
2052,3,15,-1593.01171875
2053,3,18,-1593.01171875
2054,3,21,-1593.01171875
2055,3,24,-1593.01171875
2056,3,27,-1593.01171875
2057,3,30,-1593.01171875
2058,3,33,-1593.01171875
2059,3,36,-1593.01171875
2060,3,39,-1593.01171875
2061,3,42,-1593.01171875
2062,3,45,-1593.01171875
2063,3,48,-1593.01171875
2064,3,51,-1593.01171875
2065,3,54,-1593.01171875
2066,3,57,-1593.01171875
2067,3,60,-1593.01171875
2068,3,63,-1593.01171875
2069,3,66,-1593.01171875
2070,3,69,-1593.01171875
2071,3,72,-1593.01171875
2072,3,75,-1593.01171875
2073,3,78,-1593.01171875
2074,3,81,-1593.01171875
2075,3,84,-1593.01171875
2076,3,87,-1593.01171875
2077,3,90,-1593.01171875
2078,3,93,-1593.01171875
2079,3,96,-1593.01171875
2080,3,99,-1593.01171875
2081,3,102,-1593.01171875
2082,3,105,-1593.01171875
2083,3,108,-1593.01171875
2084,3,111,-1593.01171875
2085,3,114,-1593.01171875
2086,3,117,-1593.01171875
2087,3,120,-1593.01171875
2088,3,123,-1593.01171875
2089,3,126,-1593.01171875
2090,3,129,-1593.01171875
2091,3,132,-1593.01171875
2092,3,135,-1593.01171875
2093,3,138,-1593.01171875
2094,3,141,-1593.01171875
2095,3,144,-1593.01171875
2096,3,147,-1593.01171875
2097,3,150,-1593.01171875
2098,3,153,-1593.01171875
2099,3,156,-1593.01171875
2100,3,159,-1593.01171875
2101,3,162,-1593.01171875
2102,3,165,-1593.01171875
2103,3,168,-1593.01171875
2104,3,171,-1593.01171875
2105,3,174,-1593.01171875
2106,3,177,-1593.01171875
2107,3,180,-1593.01171875
2108,3,183,-1593.01171875
2109,3,186,-1593.01171875
2110,3,189,-1593.01171875
2111,3,192,-1593.01171875
2112,3,195,-1593.01171875
2113,3,198,-1593.01171875
2114,3,201,-1593.01171875
2115,3,204,-1593.01171875
2116,3,207,-1593.01171875
2117,3,210,-1593.01171875
2118,3,213,-1593.01171875
2119,3,216,-1593.01171875
2120,3,219,-1593.01171875
2121,3,222,-1593.01171875
2122,3,225,-1593.01171875
2123,3,228,-1593.01171875
2124,3,231,-1593.01171875
2125,3,234,-1593.01171875
2126,3,237,-1593.01171875
2127,3,240,-1593.01171875
2128,3,243,-1593.01171875
2129,3,246,-1593.01171875
2130,3,249,-1593.01171875
2131,3,252,-1593.01171875
2132,3,255,-1593.01171875
2133,3,258,-1593.01171875
2134,3,261,-1593.01171875
2135,3,264,-1593.01171875
2136,3,267,-1593.01171875
2137,3,270,-1593.01171875
2138,3,273,-1593.01171875
2139,3,276,-1593.01171875
2140,3,279,-1593.01171875
2141,3,282,-1593.01171875
2142,3,285,-1593.01171875
2143,3,288,-1593.01171875
2144,3,291,-1593.01171875
2145,3,294,-1593.01171875
2146,3,297,-1593.01171875
2147,3,300,-1593.01171875
2148,3,303,-1593.01171875
2149,3,306,-1593.01171875
2150,3,309,-1593.01171875
2151,3,312,-1593.01171875
2152,3,315,-1593.01171875
2153,3,318,-1593.01171875
2154,3,321,-1593.01171875
2155,3,324,-1593.01171875
2156,3,327,-1593.01171875
2157,3,330,-1593.01171875
2158,3,333,-1593.01171875
2159,3,336,-1593.01171875
2160,3,339,-1593.01171875
2161,3,342,-1593.01171875
2162,3,345,-1593.01171875
2163,3,348,-1593.01171875
2164,3,351,-1593.01171875
2165,3,354,-1593.01171875
2166,3,357,-1593.01171875
2167,3,360,-1593.01171875
2168,3,363,-1593.01171875
2169,3,366,-1593.01171875
2170,3,369,-1593.01171875
2171,3,372,-1593.01171875
2172,3,375,-1593.01171875
2173,3,378,-1593.01171875
2174,3,381,-1593.01171875
2175,3,384,-1593.01171875
2176,3,387,-1593.01171875
2177,3,390,-1593.01171875
2178,3,393,-1593.01171875
2179,3,396,-1593.01171875
2180,3,399,-1593.01171875
2181,3,402,-1593.01171875
2182,3,405,-1593.01171875
2183,3,408,-1593.01171875
2184,3,411,-1593.01171875
2185,3,414,-1593.01171875
2186,3,417,-1593.01171875
2187,3,420,-1593.01171875
2188,3,423,-1593.01171875
2189,3,426,-1593.01171875
2190,3,429,-1593.01171875
2191,3,432,-1593.01171875
2192,3,435,-1593.01171875
2193,3,438,-1593.01171875
2194,3,441,-1593.01171875
2195,3,444,-1593.01171875
2196,3,447,-1593.01171875
2197,3,450,-1593.01171875
2198,3,453,-1593.01171875
2199,3,456,-1593.01171875
2200,3,459,-1593.01171875
2201,3,462,-1593.01171875
2202,3,465,-1593.01171875
2203,3,468,-1593.01171875
2204,3,471,-1593.01171875
2205,3,474,-1593.01171875
2206,3,477,-1593.01171875
2207,3,480,-1593.01171875
2208,3,483,-1593.01171875
2209,3,486,-1593.01171875
2210,3,489,-1593.01171875
2211,3,492,-1593.01171875
2212,3,495,-1593.01171875
2213,3,498,-1593.01171875
2214,3,501,-1593.01171875
2215,3,504,-1593.01171875
2216,3,507,-1593.01171875
2217,3,510,-1593.01171875
2218,3,513,-1593.01171875
2219,3,516,-1593.01171875
2220,3,519,-1593.01171875
2221,3,522,-1593.01171875
2222,3,525,-1593.01171875
2223,3,528,-1593.01171875
2224,3,531,-1593.01171875
2225,3,534,-1593.01171875
2226,3,537,-1593.01171875
2227,3,540,-1593.01171875
2228,3,543,-1593.01171875
2229,3,546,-1593.01171875
2230,3,549,-1593.01171875
2231,3,552,-1593.01171875
2232,3,555,-1593.01171875
2233,3,558,-1593.01171875
2234,3,561,-1593.01171875
2235,3,564,-1593.01171875
2236,3,567,-1593.01171875
2237,3,570,-1593.01171875
2238,3,573,-1593.01171875
2239,3,576,-1593.01171875
2240,3,579,-1593.01171875
2241,3,582,-1593.01171875
2242,3,585,-1593.01171875
2243,3,588,-1593.01171875
2244,3,591,-1593.01171875
2245,3,594,-1593.01171875
2246,3,597,-1593.01171875
2247,3,600,-1593.01171875
2248,3,603,-1593.01171875
2249,3,606,-1593.01171875
2250,3,609,-1593.01171875
2251,3,612,-1593.01171875
2252,3,615,-1593.01171875
2253,3,618,-1593.01171875
2254,3,621,-1593.01171875
2255,3,624,-1593.01171875
2256,3,627,-1593.01171875
2257,3,630,-1593.01171875
2258,3,633,-1593.01171875
2259,3,636,-1593.01171875
2260,3,639,-1593.01171875
2261,3,642,-1593.01171875
2262,3,645,-1593.01171875
2263,3,648,-1593.01171875
2264,3,651,-1593.01171875
2265,3,654,-1593.01171875
2266,3,657,-1593.01171875
2267,3,660,-1593.01171875
2268,3,663,-1593.01171875
2269,3,666,-1593.01171875
2270,3,669,-1593.01171875
2271,3,672,-1593.01171875
2272,3,675,-1593.01171875
2273,3,678,-1593.01171875
2274,3,681,-1593.01171875
2275,3,684,-1593.01171875
2276,3,687,-1593.01171875
2277,3,690,-1593.01171875
2278,3,693,-1593.01171875
2279,3,696,-1593.01171875
2280,3,699,-1593.01171875
2281,3,702,-1593.01171875
2282,3,705,-1593.01171875
2283,3,708,-1593.01171875
2284,3,711,-1593.01171875
2285,3,714,-1593.01171875
2286,3,717,-1593.01171875
2287,3,720,-1593.01171875
2288,3,723,-1593.01171875
2289,3,726,-1593.01171875
2290,3,729,-1593.01171875
2291,3,732,-1593.01171875
2292,3,735,-1593.01171875
2293,3,738,-1593.01171875
2294,3,741,-1593.01171875
2295,3,744,-1593.01171875
2296,3,747,-1593.01171875
2297,3,750,-1593.01171875
2298,3,753,-1593.01171875
2299,3,756,-1593.01171875
2300,3,759,-1593.01171875
2301,3,762,-1593.01171875
2302,3,765,-1593.01171875
2303,3,768,-1593.01171875
2304,3,771,-1593.01171875
2305,3,774,-1593.01171875
2306,3,777,-1593.01171875
2307,3,780,-1593.01171875
2308,3,783,-1593.01171875
2309,3,786,-1593.01171875
2310,3,789,-1593.01171875
2311,3,792,-1593.01171875
2312,3,795,-1593.01171875
2313,3,798,-1593.01171875
2314,3,801,-1593.01171875
2315,3,804,-1593.01171875
2316,3,807,-1593.01171875
2317,3,810,-1593.01171875
2318,3,813,-1593.01171875
2319,3,816,-1593.01171875
2320,3,819,-1593.01171875
2321,3,822,-1593.01171875
2322,3,825,-1593.01171875
2323,3,828,-1593.01171875
2324,3,831,-1593.01171875
2325,3,834,-1593.01171875
2326,3,837,-1593.01171875
2327,3,840,-1593.01171875
2328,3,843,-1593.01171875
2329,3,846,-1593.01171875
2330,3,849,-1593.01171875
2331,3,852,-1593.01171875
2332,3,855,-1593.01171875
2333,3,858,-1593.01171875
2334,3,861,-1593.01171875
2335,3,864,-1593.01171875
2336,3,867,-1593.01171875
2337,3,870,-1593.01171875
2338,3,873,-1593.01171875
2339,3,876,-1593.01171875
2340,3,879,-1593.01171875
2341,3,882,-1593.01171875
2342,3,885,-1593.01171875
2343,3,888,-1593.01171875
2344,3,891,-1593.01171875
2345,3,894,-1593.01171875
2346,3,897,-1593.01171875
2347,3,900,-1593.01171875
2348,3,903,-1593.01171875
2349,3,906,-1593.01171875
2350,3,909,-1593.01171875
2351,3,912,-1593.01171875
2352,3,915,-1593.01171875
2353,3,918,-1593.01171875
2354,3,921,-1593.01171875
2355,3,924,-1593.01171875
2356,3,927,-1593.01171875
2357,3,930,-1593.01171875
2358,3,933,-1593.01171875
2359,3,936,-1593.01171875
2360,3,939,-1593.01171875
2361,3,942,-1593.01171875
2362,3,945,-1593.01171875
2363,3,948,-1593.01171875
2364,3,951,-1593.01171875
2365,3,954,-1593.01171875
2366,3,957,-1593.01171875
2367,3,960,-1593.01171875
2368,3,963,-1593.01171875
2369,3,966,-1593.01171875
2370,3,969,-1593.01171875
2371,3,972,-1593.01171875
2372,3,975,-1593.01171875
2373,3,978,-1593.01171875
2374,3,981,-1593.01171875
2375,3,984,-1593.01171875
2376,3,987,-1593.01171875
2377,3,990,-1593.01171875
2378,3,993,-1593.01171875
2379,3,996,-1593.01171875
2380,3,999,-1593.01171875
2381,3,1002,-1593.01171875
2382,3,1005,-1593.01171875
2383,3,1008,-1593.01171875
2384,3,1011,-1593.01171875
2385,3,1014,-1593.01171875
2386,3,1017,-1593.01171875
2387,3,1020,-1593.01171875
2388,3,1023,-1593.01171875
2389,3,1026,-1593.01171875
2390,3,1029,-1593.01171875
2391,3,1032,-1593.01171875
2392,3,1035,-1593.01171875
2393,3,1038,-1593.01171875
2394,3,1041,-1593.01171875
2395,3,1044,-1593.01171875
2396,3,1047,-1593.01171875
2397,3,1050,-1593.01171875
2398,3,1053,-1593.01171875
2399,3,1056,-1593.01171875
2400,3,1059,-1593.01171875
2401,3,1062,-1593.01171875
2402,3,1065,-1593.01171875
2403,3,1068,-1593.01171875
2404,3,1071,-1593.01171875
2405,3,1074,-1593.01171875
2406,3,1077,-1593.01171875
2407,3,1080,-1593.01171875
2408,3,1083,-1593.01171875
2409,3,1086,-1593.01171875
2410,3,1089,-1593.01171875
2411,3,1092,-1593.01171875
2412,3,1095,-1593.01171875
2413,3,1098,-1593.01171875
2414,3,1101,-1593.01171875
2415,3,1104,-1593.01171875
2416,3,1107,-1593.01171875
2417,3,1110,-1593.01171875
2418,3,1113,-1593.01171875
2419,3,1116,-1593.01171875
2420,3,1119,-1593.01171875
2421,3,1122,-1593.01171875
2422,3,1125,-1593.01171875
2423,3,1128,-1593.01171875
2424,3,1131,-1593.01171875
2425,3,1134,-1593.01171875
2426,3,1137,-1593.01171875
2427,3,1140,-1593.01171875
2428,3,1143,-1593.01171875
2429,3,1146,-1593.01171875
2430,3,1149,-1593.01171875
2431,3,1152,-1593.01171875
2432,3,1155,-1593.01171875
2433,3,1158,-1593.01171875
2434,3,1161,-1593.01171875
2435,3,1164,-1593.01171875
2436,3,1167,-1593.01171875
2437,3,1170,-1593.01171875
2438,3,1173,-1593.01171875
2439,3,1176,-1593.01171875
2440,3,1179,-1593.01171875
2441,3,1182,-1593.01171875
2442,3,1185,-1593.01171875
2443,3,1188,-1593.01171875
2444,3,1191,-1593.01171875
2445,3,1194,-1593.01171875
2446,3,1197,-1593.01171875
2447,3,1200,-1593.01171875
2448,3,1203,-1593.01171875
2449,3,1206,-1593.01171875
2450,3,1209,-1593.01171875
2451,3,1212,-1593.01171875
2452,3,1215,-1593.01171875
2453,3,1218,-1593.01171875
2454,3,1221,-1593.01171875
2455,3,1224,-1593.01171875
2456,3,1227,-1593.01171875
2457,3,1230,-1593.01171875
2458,3,1233,-1593.01171875
2459,3,1236,-1593.01171875
2460,3,1239,-1593.01171875
2461,3,1242,-1593.01171875
2462,3,1245,-1593.01171875
2463,3,1248,-1593.01171875
2464,3,1251,-1593.01171875
2465,3,1254,-1593.01171875
2466,3,1257,-1593.01171875
2467,3,1260,-1593.01171875
2468,3,1263,-1593.01171875
2469,3,1266,-1593.01171875
2470,3,1269,-1593.01171875
2471,3,1272,-1593.01171875
2472,3,1275,-1593.01171875
2473,3,1278,-1593.01171875
2474,3,1281,-1593.01171875
2475,3,1284,-1593.01171875
2476,3,1287,-1593.01171875
2477,3,1290,-1593.01171875
2478,3,1293,-1593.01171875
2479,3,1296,-1593.01171875
2480,3,1299,-1593.01171875
2481,3,1302,-1593.01171875
2482,3,1305,-1593.01171875
2483,3,1308,-1593.01171875
2484,3,1311,-1593.01171875
2485,3,1314,-1593.01171875
2486,3,1317,-1593.01171875
2487,3,1320,-1593.01171875
2488,3,1323,-1593.01171875
2489,3,1326,-1593.01171875
2490,3,1329,-1593.01171875
2491,3,1332,-1593.01171875
2492,3,1335,-1593.01171875
2493,3,1338,-1593.01171875
2494,3,1341,-1593.01171875
2495,3,1344,-1593.01171875
2496,3,1347,-1593.01171875
2497,3,1350,-1593.01171875
2498,3,1353,-1593.01171875
2499,3,1356,-1593.01171875
2500,3,1359,-1593.01171875
2501,3,1362,-1593.01171875
2502,3,1365,-1593.01171875
2503,3,1368,-1593.01171875
2504,3,1371,-1593.01171875
2505,3,1374,-1593.01171875
2506,3,1377,-1593.01171875
2507,3,1380,-1593.01171875
2508,3,1383,-1593.01171875
2509,3,1386,-1593.01171875
2510,3,1389,-1593.01171875
2511,3,1392,-1593.01171875
2512,3,1395,-1593.01171875
2513,3,1398,-1593.01171875
2514,3,1401,-1593.01171875
2515,3,1404,-1593.01171875
2516,3,1407,-1593.01171875
2517,3,1410,-1593.01171875
2518,3,1413,-1593.01171875
2519,3,1416,-1593.01171875
2520,3,1419,-1593.01171875
2521,3,1422,-1593.01171875
2522,3,1425,-1593.01171875
2523,3,1428,-1593.01171875
2524,3,1431,-1593.01171875
2525,3,1434,-1593.01171875
2526,3,1437,-1593.01171875
2527,3,1440,-1593.01171875
2528,3,1443,-1593.01171875
2529,3,1446,-1593.01171875
2530,3,1449,-1593.01171875
2531,3,1452,-1593.01171875
2532,3,1455,-1593.01171875
2533,3,1458,-1593.01171875
2534,3,1461,-1593.01171875
2535,3,1464,-1593.01171875
2536,3,1467,-1593.01171875
2537,3,1470,-1593.01171875
2538,3,1473,-1593.01171875
2539,3,1476,-1593.01171875
2540,3,1479,-1593.01171875
2541,3,1482,-1593.01171875
2542,3,1485,-1593.01171875
2543,3,1488,-1593.01171875
2544,3,1491,-1593.01171875
2545,3,1494,-1593.01171875
2546,3,1497,-1593.01171875
2547,3,1500,-1593.01171875
2548,3,1503,-1593.01171875
2549,3,1506,-1593.01171875
2550,3,1509,-1593.01171875
2551,3,1512,-1593.01171875
2552,3,1515,-1593.01171875
2553,3,1518,-1593.01171875
2554,3,1521,-1593.01171875
2555,3,1524,-1593.01171875
2556,3,1527,-1593.01171875
2557,3,1530,-1593.01171875
2558,3,1533,-1593.01171875
2559,3,1536,-1593.01171875
2560,3,1539,-1593.01171875
2561,3,1542,-1593.01171875
2562,3,1545,-1593.01171875
2563,3,1548,-1593.01171875
2564,3,1551,-1593.01171875
2565,3,1554,-1593.01171875
2566,3,1557,-1593.01171875
2567,3,1560,-1593.01171875
2568,3,1563,-1593.01171875
2569,3,1566,-1593.01171875
2570,3,1569,-1593.01171875
2571,3,1572,-1593.01171875
2572,3,1575,-1593.01171875
2573,3,1578,-1593.01171875
2574,3,1581,-1593.01171875
2575,3,1584,-1593.01171875
2576,3,1587,-1593.01171875
2577,3,1590,-1593.01171875
2578,3,1593,-1593.01171875
2579,3,1596,-1593.01171875
2580,3,1599,-1593.01171875
2581,3,1602,-1593.01171875
2582,3,1605,-1593.01171875
2583,3,1608,-1593.01171875
2584,3,1611,-1593.01171875
2585,3,1614,-1593.01171875
2586,3,1617,-1593.01171875
2587,3,1620,-1593.01171875
2588,3,1623,-1593.01171875
2589,3,1626,-1593.01171875
2590,3,1629,-1593.01171875
2591,3,1632,-1593.01171875
2592,3,1635,-1593.01171875
2593,3,1638,-1593.01171875
2594,3,1641,-1593.01171875
2595,3,1644,-1593.01171875
2596,3,1647,-1593.01171875
2597,3,1650,-1593.01171875
2598,3,1653,-1593.01171875
2599,3,1656,-1593.01171875
2600,3,1659,-1593.01171875
2601,3,1662,-1593.01171875
2602,3,1665,-1593.01171875
2603,3,1668,-1593.01171875
2604,3,1671,-1593.01171875
2605,3,1674,-1593.01171875
2606,3,1677,-1593.01171875
2607,3,1680,-1593.01171875
2608,3,1683,-1593.01171875
2609,3,1686,-1593.01171875
2610,3,1689,-1593.01171875
2611,3,1692,-1593.01171875
2612,3,1695,-1593.01171875
2613,3,1698,-1593.01171875
2614,3,1701,-1593.01171875
2615,3,1704,-1593.01171875
2616,3,1707,-1593.01171875
2617,3,1710,-1593.01171875
2618,3,1713,-1593.01171875
2619,3,1716,-1593.01171875
2620,3,1719,-1593.01171875
2621,3,1722,-1593.01171875
2622,3,1725,-1593.01171875
2623,3,1728,-1593.01171875
2624,3,1731,-1593.01171875
2625,3,1734,-1593.01171875
2626,3,1737,-1593.01171875
2627,3,1740,-1593.01171875
2628,3,1743,-1593.01171875
2629,3,1746,-1593.01171875
2630,3,1749,-1593.01171875
2631,3,1752,-1593.01171875
2632,3,1755,-1593.01171875
2633,3,1758,-1593.01171875
2634,3,1761,-1593.01171875
2635,3,1764,-1593.01171875
2636,3,1767,-1593.01171875
2637,3,1770,-1593.01171875
2638,3,1773,-1593.01171875
2639,3,1776,-1593.01171875
2640,3,1779,-1593.01171875
2641,3,1782,-1593.01171875
2642,3,1785,-1593.01171875
2643,3,1788,-1593.01171875
2644,3,1791,-1593.01171875
2645,3,1794,-1593.01171875
2646,3,1797,-1593.01171875
2647,3,1800,-1593.01171875
2648,3,1803,-1593.01171875
2649,3,1806,-1593.01171875
2650,3,1809,-1593.01171875
2651,3,1812,-1593.01171875
2652,3,1815,-1593.01171875
2653,3,1818,-1593.01171875
2654,3,1821,-1593.01171875
2655,3,1824,-1593.01171875
2656,3,1827,-1593.01171875
2657,3,1830,-1593.01171875
2658,3,1833,-1593.01171875
2659,3,1836,-1593.01171875
2660,3,1839,-1593.01171875
2661,3,1842,-1593.01171875
2662,3,1845,-1593.01171875
2663,3,1848,-1593.01171875
2664,3,1851,-1593.01171875
2665,3,1854,-1593.01171875
2666,3,1857,-1593.01171875
2667,3,1860,-1593.01171875
2668,3,1863,-1593.01171875
2669,3,1866,-1593.01171875
2670,3,1869,-1593.01171875
2671,3,1872,-1593.01171875
2672,3,1875,-1593.01171875
2673,3,1878,-1593.01171875
2674,3,1881,-1593.01171875
2675,3,1884,-1593.01171875
2676,3,1887,-1593.01171875
2677,3,1890,-1593.01171875
2678,3,1893,-1593.01171875
2679,3,1896,-1593.01171875
2680,3,1899,-1593.01171875
2681,3,1902,-1593.01171875
2682,3,1905,-1593.01171875
2683,3,1908,-1593.01171875
2684,3,1911,-1593.01171875
2685,3,1914,-1593.01171875
2686,3,1917,-1593.01171875
2687,3,1920,-1593.01171875
2688,3,1923,-1593.01171875
2689,3,1926,-1593.01171875
2690,3,1929,-1593.01171875
2691,3,1932,-1593.01171875
2692,3,1935,-1593.01171875
2693,3,1938,-1593.01171875
2694,3,1941,-1593.01171875
2695,3,1944,-1593.01171875
2696,3,1947,-1593.01171875
2697,3,1950,-1593.01171875
2698,3,1953,-1593.01171875
2699,3,1956,-1593.01171875
2700,3,1959,-1593.01171875
2701,3,1962,-1593.01171875
2702,3,1965,-1593.01171875
2703,3,1968,-1593.01171875
2704,3,1971,-1593.01171875
2705,3,1974,-1593.01171875
2706,3,1977,-1593.01171875
2707,3,1980,-1593.01171875
2708,3,1983,-1593.01171875
2709,3,1986,-1593.01171875
2710,3,1989,-1593.01171875
2711,3,1992,-1593.01171875
2712,3,1995,-1593.01171875
2713,3,1998,-1593.01171875
2714,3,2001,-1593.01171875
2715,3,2004,-1593.01171875
2716,3,2007,-1593.01171875
2717,3,2010,-1593.01171875
2718,3,2013,-1593.01171875
2719,3,2016,-1593.01171875
2720,3,2019,-1593.01171875
2721,3,2022,-1593.01171875
2722,3,2025,-1593.01171875
2723,3,2028,-1593.01171875
2724,3,2031,-1593.01171875
2725,3,2034,-1593.01171875
2726,3,2037,-1593.01171875
2727,3,2040,-1593.01171875
2728,3,2043,-1593.01171875
2729,3,2046,-1593.01171875
2730,3,2049,-1593.01171875
2731,3,2052,-1593.01171875
2732,3,2055,-1593.01171875
2733,3,2058,-1593.01171875
2734,3,2061,-1593.01171875
2735,3,2064,-1593.01171875
2736,3,2067,-1593.01171875
2737,3,2070,-1593.01171875
2738,3,2073,-1593.01171875
2739,3,2076,-1593.01171875
2740,3,2079,-1593.01171875
2741,3,2082,-1593.01171875
2742,3,2085,-1593.01171875
2743,3,2088,-1593.01171875
2744,3,2091,-1593.01171875
2745,3,2094,-1593.01171875
2746,3,2097,-1593.01171875
2747,3,2100,-1593.01171875
2748,3,2103,-1593.01171875
2749,3,2106,-1593.01171875
2750,3,2109,-1593.01171875
2751,3,2112,-1593.01171875
2752,3,2115,-1593.01171875
2753,3,2118,-1593.01171875
2754,3,2121,-1593.01171875
2755,3,2124,-1593.01171875
2756,3,2127,-1593.01171875
2757,3,2130,-1593.01171875
2758,3,2133,-1593.01171875
2759,3,2136,-1593.01171875
2760,3,2139,-1593.01171875
2761,3,2142,-1593.01171875
2762,3,2145,-1593.01171875
2763,3,2148,-1593.01171875
2764,3,2151,-1593.01171875
2765,3,2154,-1593.01171875
2766,3,2157,-1593.01171875
2767,3,2160,-1593.01171875
2768,3,2163,-1593.01171875
2769,3,2166,-1593.01171875
2770,3,2169,-1593.01171875
2771,3,2172,-1593.01171875
2772,3,2175,-1593.01171875
2773,3,2178,-1593.01171875
2774,3,2181,-1593.01171875
2775,3,2184,-1593.01171875
2776,3,2187,-1593.01171875
2777,3,2190,-1593.01171875
2778,3,2193,-1593.01171875
2779,3,2196,-1593.01171875
2780,3,2199,-1593.01171875
2781,3,2202,-1593.01171875
2782,3,2205,-1593.01171875
2783,3,2208,-1593.01171875
2784,3,2211,-1593.01171875
2785,3,2214,-1593.01171875
2786,3,2217,-1593.01171875
2787,3,2220,-1593.01171875
2788,3,2223,-1593.01171875
2789,3,2226,-1593.01171875
2790,3,2229,-1593.01171875
2791,3,2232,-1593.01171875
2792,3,2235,-1593.01171875
2793,3,2238,-1593.01171875
2794,3,2241,-1593.01171875
2795,3,2244,-1593.01171875
2796,3,2247,-1593.01171875
2797,3,2250,-1593.01171875
2798,3,2253,-1593.01171875
2799,3,2256,-1593.01171875
2800,3,2259,-1593.01171875
2801,3,2262,-1593.01171875
2802,3,2265,-1593.01171875
2803,3,2268,-1593.01171875
2804,3,2271,-1593.01171875
2805,3,2274,-1593.01171875
2806,3,2277,-1593.01171875
2807,3,2280,-1593.01171875
2808,3,2283,-1593.01171875
2809,3,2286,-1593.01171875
2810,3,2289,-1593.01171875
2811,3,2292,-1593.01171875
2812,3,2295,-1593.01171875
2813,3,2298,-1593.01171875
2814,3,2301,-1593.01171875
2815,3,2304,-1593.01171875
2816,3,2307,-1593.01171875
2817,3,2310,-1593.01171875
2818,3,2313,-1593.01171875
2819,3,2316,-1593.01171875
2820,3,2319,-1593.01171875
2821,3,2322,-1593.01171875
2822,3,2325,-1593.01171875
2823,3,2328,-1593.01171875
2824,3,2331,-1593.01171875
2825,3,2334,-1593.01171875
2826,3,2337,-1593.01171875
2827,3,2340,-1593.01171875
2828,3,2343,-1593.01171875
2829,3,2346,-1593.01171875
2830,3,2349,-1593.01171875
2831,3,2352,-1593.01171875
2832,3,2355,-1593.01171875
2833,3,2358,-1593.01171875
2834,3,2361,-1593.01171875
2835,3,2364,-1593.01171875
2836,3,2367,-1593.01171875
2837,3,2370,-1593.01171875
2838,3,2373,-1593.01171875
2839,3,2376,-1593.01171875
2840,3,2379,-1593.01171875
2841,3,2382,-1593.01171875
2842,3,2385,-1593.01171875
2843,3,2388,-1593.01171875
2844,3,2391,-1593.01171875
2845,3,2394,-1593.01171875
2846,3,2397,-1593.01171875
2847,3,2400,-1593.01171875
2848,3,2403,-1593.01171875
2849,3,2406,-1593.01171875
2850,3,2409,-1593.01171875
2851,3,2412,-1593.01171875
2852,3,2415,-1593.01171875
2853,3,2418,-1593.01171875
2854,3,2421,-1593.01171875
2855,3,2424,-1593.01171875
2856,3,2427,-1593.01171875
2857,3,2430,-1593.01171875
2858,3,2433,-1593.01171875
2859,3,2436,-1593.01171875
2860,3,2439,-1593.01171875
2861,3,2442,-1593.01171875
2862,3,2445,-1593.01171875
2863,3,2448,-1593.01171875
2864,3,2451,-1593.01171875
2865,3,2454,-1593.01171875
2866,3,2457,-1593.01171875
2867,3,2460,-1593.01171875
2868,3,2463,-1593.01171875
2869,3,2466,-1593.01171875
2870,3,2469,-1593.01171875
2871,3,2472,-1593.01171875
2872,3,2475,-1593.01171875
2873,3,2478,-1593.01171875
2874,3,2481,-1593.01171875
2875,3,2484,-1593.01171875
2876,3,2487,-1593.01171875
2877,3,2490,-1593.01171875
2878,3,2493,-1593.01171875
2879,3,2496,-1593.01171875
2880,3,2499,-1593.01171875
2881,3,2502,-1593.01171875
2882,3,2505,-1593.01171875
2883,3,2508,-1593.01171875
2884,3,2511,-1593.01171875
2885,3,2514,-1593.01171875
2886,3,2517,-1593.01171875
2887,3,2520,-1593.01171875
2888,3,2523,-1593.01171875
2889,3,2526,-1593.01171875
2890,3,2529,-1593.01171875
2891,3,2532,-1593.01171875
2892,3,2535,-1593.01171875
2893,3,2538,-1593.01171875
2894,3,2541,-1593.01171875
2895,3,2544,-1593.01171875
2896,3,2547,-1593.01171875
2897,3,2550,-1593.01171875
2898,3,2553,-1593.01171875
2899,3,2556,-1593.01171875
2900,3,2559,-1593.01171875
2901,3,2562,-1593.01171875
2902,3,2565,-1593.01171875
2903,3,2568,-1593.01171875
2904,3,2571,-1593.01171875
2905,3,2574,-1593.01171875
2906,3,2577,-1593.01171875
2907,3,2580,-1593.01171875
2908,3,2583,-1593.01171875
2909,3,2586,-1593.01171875
2910,3,2589,-1593.01171875
2911,3,2592,-1593.01171875
2912,3,2595,-1593.01171875
2913,3,2598,-1593.01171875
2914,3,2601,-1593.01171875
2915,3,2604,-1593.01171875
2916,3,2607,-1593.01171875
2917,3,2610,-1593.01171875
2918,3,2613,-1593.01171875
2919,3,2616,-1593.01171875
2920,3,2619,-1593.01171875
2921,3,2622,-1593.01171875
2922,3,2625,-1593.01171875
2923,3,2628,-1593.01171875
2924,3,2631,-1593.01171875
2925,3,2634,-1593.01171875
2926,3,2637,-1593.01171875
2927,3,2640,-1593.01171875
2928,3,2643,-1593.01171875
2929,3,2646,-1593.01171875
2930,3,2649,-1593.01171875
2931,3,2652,-1593.01171875
2932,3,2655,-1593.01171875
2933,3,2658,-1593.01171875
2934,3,2661,-1593.01171875
2935,3,2664,-1593.01171875
2936,3,2667,-1593.01171875
2937,3,2670,-1593.01171875
2938,3,2673,-1593.01171875
2939,3,2676,-1593.01171875
2940,3,2679,-1593.01171875
2941,3,2682,-1593.01171875
2942,3,2685,-1593.01171875
2943,3,2688,-1593.01171875
2944,3,2691,-1593.01171875
2945,3,2694,-1593.01171875
2946,3,2697,-1593.01171875
2947,3,2700,-1593.01171875
2948,3,2703,-1593.01171875
2949,3,2706,-1593.01171875
2950,3,2709,-1593.01171875
2951,3,2712,-1593.01171875
2952,3,2715,-1593.01171875
2953,3,2718,-1593.01171875
2954,3,2721,-1593.01171875
2955,3,2724,-1593.01171875
2956,3,2727,-1593.01171875
2957,3,2730,-1593.01171875
2958,3,2733,-1593.01171875
2959,3,2736,-1593.01171875
2960,3,2739,-1593.01171875
2961,3,2742,-1593.01171875
2962,3,2745,-1593.01171875
2963,3,2748,-1593.01171875
2964,3,2751,-1593.01171875
2965,3,2754,-1593.01171875
2966,3,2757,-1593.01171875
2967,3,2760,-1593.01171875
2968,3,2763,-1593.01171875
2969,3,2766,-1593.01171875
2970,3,2769,-1593.01171875
2971,3,2772,-1593.01171875
2972,3,2775,-1593.01171875
2973,3,2778,-1593.01171875
2974,3,2781,-1593.01171875
2975,3,2784,-1593.01171875
2976,3,2787,-1593.01171875
2977,3,2790,-1593.01171875
2978,3,2793,-1593.01171875
2979,3,2796,-1593.01171875
2980,3,2799,-1593.01171875
2981,3,2802,-1593.01171875
2982,3,2805,-1593.01171875
2983,3,2808,-1593.01171875
2984,3,2811,-1593.01171875
2985,3,2814,-1593.01171875
2986,3,2817,-1593.01171875
2987,3,2820,-1593.01171875
2988,3,2823,-1593.01171875
2989,3,2826,-1593.01171875
2990,3,2829,-1593.01171875
2991,3,2832,-1593.01171875
2992,3,2835,-1593.01171875
2993,3,2838,-1593.01171875
2994,3,2841,-1593.01171875
2995,3,2844,-1593.01171875
2996,3,2847,-1593.01171875
2997,3,2850,-1593.01171875
2998,3,2853,-1593.01171875
2999,3,2856,-1593.01171875
3000,3,2859,-1593.01171875
3001,3,2862,-1593.01171875
3002,3,2865,-1593.01171875
3003,3,2868,-1593.01171875
3004,3,2871,-1593.01171875
3005,3,2874,-1593.01171875
3006,3,2877,-1593.01171875
3007,3,2880,-1593.01171875
3008,3,2883,-1593.01171875
3009,3,2886,-1593.01171875
3010,3,2889,-1593.01171875
3011,3,2892,-1593.01171875
3012,3,2895,-1593.01171875
3013,3,2898,-1593.01171875
3014,3,2901,-1593.01171875
3015,3,2904,-1593.01171875
3016,3,2907,-1593.01171875
3017,3,2910,-1593.01171875
3018,3,2913,-1593.01171875
3019,3,2916,-1593.01171875
3020,3,2919,-1593.01171875
3021,3,2922,-1593.01171875
3022,3,2925,-1593.01171875
3023,3,2928,-1593.01171875
3024,3,2931,-1593.01171875
3025,3,2934,-1593.01171875
3026,3,2937,-1593.01171875
3027,3,2940,-1593.01171875
3028,3,2943,-1593.01171875
3029,3,2946,-1593.01171875
3030,3,2949,-1593.01171875
3031,3,2952,-1593.01171875
3032,3,2955,-1593.01171875
3033,3,2958,-1593.01171875
3034,3,2961,-1593.01171875
3035,3,2964,-1593.01171875
3036,3,2967,-1593.01171875
3037,3,2970,-1593.01171875
3038,3,2973,-1593.01171875
3039,3,2976,-1593.01171875
3040,3,2979,-1593.01171875
3041,3,2982,-1593.01171875
3042,3,2985,-1593.01171875
3043,3,2988,-1593.01171875
3044,3,2991,-1593.01171875
3045,3,2994,-1593.01171875
3046,3,2997,-1593.01171875
3047,3,3000,-1593.01171875
3048,3,3003,-1593.01171875
3049,3,3006,-1593.01171875
3050,3,3009,-1593.01171875
3051,3,3012,-1593.01171875
3052,3,3015,-1593.01171875
3053,3,3018,-1593.01171875
3054,3,3021,-1593.01171875
3055,3,3024,-1593.01171875
3056,3,3027,-1593.01171875
3057,3,3030,-1593.01171875
3058,3,3033,-1593.01171875
3059,3,3036,-1593.01171875
3060,3,3039,-1593.01171875
3061,3,3042,-1593.01171875
3062,3,3045,-1593.01171875
3063,3,3048,-1593.01171875
3064,3,3051,-1593.01171875
3065,3,3054,-1593.01171875
3066,3,3057,-1593.01171875
3067,3,3060,-1593.01171875
3068,3,3063,-1593.01171875
3069,3,3066,-1593.01171875
3070,3,3069,-1593.01171875
3071,3,3072,-1593.01171875
