,num_iterations,updates,energy
0,1,1,-717.48046875
1,1,2,-717.48046875
2,1,3,-717.48046875
3,1,4,-720.265625
4,1,5,-720.265625
5,1,6,-720.265625
6,1,7,-720.265625
7,1,8,-720.265625
8,1,9,-720.265625
9,1,10,-725.94921875
10,1,11,-725.94921875
11,1,12,-725.94921875
12,1,13,-725.94921875
13,1,14,-725.94921875
14,1,15,-725.94921875
15,1,16,-725.94921875
16,1,17,-725.94921875
17,1,18,-725.94921875
18,1,19,-725.94921875
19,1,20,-725.94921875
20,1,21,-725.94921875
21,1,22,-725.94921875
22,1,23,-725.94921875
23,1,24,-728.765625
24,1,25,-728.765625
25,1,26,-728.765625
26,1,27,-728.765625
27,1,28,-734.48046875
28,1,29,-734.48046875
29,1,30,-734.48046875
30,1,31,-734.48046875
31,1,32,-734.48046875
32,1,33,-734.48046875
33,1,34,-735.203125
34,1,35,-735.203125
35,1,36,-735.94921875
36,1,37,-738.78125
37,1,38,-738.78125
38,1,39,-739.54296875
39,1,40,-739.54296875
40,1,41,-739.54296875
41,1,42,-739.54296875
42,1,43,-739.54296875
43,1,44,-739.54296875
44,1,45,-739.54296875
45,1,46,-739.54296875
46,1,47,-739.54296875
47,1,48,-739.54296875
48,1,49,-739.54296875
49,1,50,-739.54296875
50,1,51,-739.54296875
51,1,52,-739.54296875
52,1,53,-739.54296875
53,1,54,-745.3125
54,1,55,-745.3125
55,1,56,-745.3125
56,1,57,-751.10546875
57,1,58,-751.10546875
58,1,59,-751.10546875
59,1,60,-751.10546875
60,1,61,-751.10546875
61,1,62,-751.10546875
62,1,63,-751.10546875
63,1,64,-751.10546875
64,1,65,-751.10546875
65,1,66,-751.10546875
66,1,67,-751.10546875
67,1,68,-751.10546875
68,1,69,-751.10546875
69,1,70,-751.10546875
70,1,71,-751.10546875
71,1,72,-751.10546875
72,1,73,-751.10546875
73,1,74,-751.10546875
74,1,75,-751.10546875
75,1,76,-753.96875
76,1,77,-756.13671875
77,1,78,-756.13671875
78,1,79,-756.13671875
79,1,80,-761.96875
80,1,81,-764.85546875
81,1,82,-764.85546875
82,1,83,-764.85546875
83,1,84,-764.85546875
84,1,85,-764.85546875
85,1,86,-764.85546875
86,1,87,-764.85546875
87,1,88,-770.71875
88,1,89,-770.71875
89,1,90,-776.60546875
90,1,91,-776.60546875
91,1,92,-782.515625
92,1,93,-782.515625
93,1,94,-782.515625
94,1,95,-782.515625
95,1,96,-782.515625
96,1,97,-782.515625
97,1,98,-783.32421875
98,1,99,-786.25
99,1,100,-786.25
100,1,101,-786.25
101,1,102,-786.25
102,1,103,-786.25
103,1,104,-786.25
104,1,105,-786.25
105,1,106,-786.25
106,1,107,-786.25
107,1,108,-786.25
108,1,109,-786.25
109,1,110,-788.44921875
110,1,111,-788.44921875
111,1,112,-788.44921875
112,1,113,-788.44921875
113,1,114,-789.265625
114,1,115,-791.48046875
115,1,116,-791.48046875
116,1,117,-791.48046875
117,1,118,-791.48046875
118,1,119,-797.453125
119,1,120,-797.453125
120,1,121,-797.453125
121,1,122,-797.453125
122,1,123,-798.29296875
123,1,124,-798.29296875
124,1,125,-804.296875
125,1,126,-804.296875
126,1,127,-810.32421875
127,1,128,-810.32421875
128,1,129,-810.32421875
129,1,130,-810.32421875
130,1,131,-810.32421875
131,1,132,-810.32421875
132,1,133,-810.32421875
133,1,134,-810.32421875
134,1,135,-810.32421875
135,1,136,-810.32421875
136,1,137,-810.32421875
137,1,138,-810.32421875
138,1,139,-810.32421875
139,1,140,-810.32421875
140,1,141,-810.32421875
141,1,142,-811.203125
142,1,143,-811.203125
143,1,144,-811.203125
144,1,145,-811.203125
145,1,146,-811.203125
146,1,147,-811.203125
147,1,148,-811.203125
148,1,149,-811.203125
149,1,150,-812.10546875
150,1,151,-812.10546875
151,1,152,-812.10546875
152,1,153,-812.10546875
153,1,154,-812.10546875
154,1,155,-812.10546875
155,1,156,-812.10546875
156,1,157,-814.34375
157,1,158,-814.34375
158,1,159,-820.41796875
159,1,160,-820.41796875
160,1,161,-826.515625
161,1,162,-826.515625
162,1,163,-826.515625
163,1,164,-832.63671875
164,1,165,-832.63671875
165,1,166,-832.63671875
166,1,167,-832.63671875
167,1,168,-832.63671875
168,1,169,-832.63671875
169,1,170,-833.578125
170,1,171,-833.578125
171,1,172,-833.578125
172,1,173,-833.578125
173,1,174,-833.578125
174,1,175,-833.578125
175,1,176,-836.51171875
176,1,177,-836.51171875
177,1,178,-836.51171875
178,1,179,-836.51171875
179,1,180,-836.51171875
180,1,181,-836.51171875
181,1,182,-836.51171875
182,1,183,-836.51171875
183,1,184,-836.51171875
184,1,185,-837.46875
185,1,186,-837.46875
186,1,187,-837.46875
187,1,188,-837.46875
188,1,189,-837.46875
189,1,190,-837.46875
190,1,191,-837.46875
191,1,192,-837.46875
192,1,193,-837.46875
193,1,194,-837.46875
194,1,195,-837.46875
195,1,196,-837.46875
196,1,197,-837.46875
197,1,198,-840.41796875
198,1,199,-840.41796875
199,1,200,-840.41796875
200,1,201,-840.41796875
201,1,202,-843.390625
202,1,203,-843.390625
203,1,204,-843.390625
204,1,205,-843.390625
205,1,206,-843.390625
206,1,207,-843.390625
207,1,208,-843.390625
208,1,209,-846.38671875
209,1,210,-846.38671875
210,1,211,-846.38671875
211,1,212,-846.38671875
212,1,213,-852.578125
213,1,214,-854.82421875
214,1,215,-854.82421875
215,1,216,-854.82421875
216,1,217,-861.046875
217,1,218,-861.046875
218,1,219,-861.046875
219,1,220,-862.01171875
220,1,221,-868.265625
221,1,222,-868.265625
222,1,223,-868.265625
223,1,224,-868.265625
224,1,225,-868.265625
225,1,226,-868.265625
226,1,227,-869.26171875
227,1,228,-869.26171875
228,1,229,-871.53125
229,1,230,-871.53125
230,1,231,-872.54296875
231,1,232,-872.54296875
232,1,233,-872.54296875
233,1,234,-878.84375
234,1,235,-878.84375
235,1,236,-878.84375
236,1,237,-878.84375
237,1,238,-878.84375
238,1,239,-878.84375
239,1,240,-879.88671875
240,1,241,-879.88671875
241,1,242,-886.21875
242,1,243,-886.21875
243,1,244,-886.21875
244,1,245,-886.21875
245,1,246,-886.21875
246,1,247,-886.21875
247,1,248,-886.21875
248,1,249,-892.57421875
249,1,250,-893.65625
250,1,251,-893.65625
251,1,252,-893.65625
252,1,253,-893.65625
253,1,254,-894.76171875
254,1,255,-901.15625
255,1,256,-907.57421875
256,1,257,-907.57421875
257,1,258,-907.57421875
258,1,259,-907.57421875
259,1,260,-907.57421875
260,1,261,-907.57421875
261,1,262,-907.57421875
262,1,263,-907.57421875
263,1,264,-907.57421875
264,1,265,-907.57421875
265,1,266,-914.015625
266,1,267,-914.015625
267,1,268,-914.015625
268,1,269,-914.015625
269,1,270,-914.015625
270,1,271,-914.015625
271,1,272,-914.015625
272,1,273,-914.015625
273,1,274,-914.015625
274,1,275,-915.16796875
275,1,276,-916.34375
276,1,277,-916.34375
277,1,278,-916.34375
278,1,279,-916.34375
279,1,280,-916.34375
280,1,281,-916.34375
281,1,282,-916.34375
282,1,283,-916.34375
283,1,284,-916.34375
284,1,285,-916.34375
285,1,286,-916.34375
286,1,287,-922.82421875
287,1,288,-922.82421875
288,1,289,-922.82421875
289,1,290,-922.82421875
290,1,291,-922.82421875
291,1,292,-929.328125
292,1,293,-929.328125
293,1,294,-929.328125
294,1,295,-929.328125
295,1,296,-929.328125
296,1,297,-930.54296875
297,1,298,-930.54296875
298,1,299,-930.54296875
299,1,300,-930.54296875
300,1,301,-930.54296875
301,1,302,-930.54296875
302,1,303,-930.54296875
303,1,304,-930.54296875
304,1,305,-930.54296875
305,1,306,-930.54296875
306,1,307,-930.54296875
307,1,308,-930.54296875
308,1,309,-930.54296875
309,1,310,-930.54296875
310,1,311,-932.84375
311,1,312,-932.84375
312,1,313,-932.84375
313,1,314,-932.84375
314,1,315,-935.85546875
315,1,316,-935.85546875
316,1,317,-935.85546875
317,1,318,-935.85546875
318,1,319,-935.85546875
319,1,320,-935.85546875
320,1,321,-938.171875
321,1,322,-938.171875
322,1,323,-938.171875
323,1,324,-939.38671875
324,1,325,-939.38671875
325,1,326,-939.38671875
326,1,327,-939.38671875
327,1,328,-940.625
328,1,329,-940.625
329,1,330,-940.625
330,1,331,-940.625
331,1,332,-940.625
332,1,333,-940.625
333,1,334,-940.625
334,1,335,-941.88671875
335,1,336,-941.88671875
336,1,337,-943.171875
337,1,338,-943.171875
338,1,339,-943.171875
339,1,340,-943.171875
340,1,341,-943.171875
341,1,342,-943.171875
342,1,343,-945.48046875
343,1,344,-945.48046875
344,1,345,-946.78125
345,1,346,-946.78125
346,1,347,-946.78125
347,1,348,-946.78125
348,1,349,-953.38671875
349,1,350,-953.38671875
350,1,351,-955.71875
351,1,352,-955.71875
352,1,353,-955.71875
353,1,354,-955.71875
354,1,355,-955.71875
355,1,356,-955.71875
356,1,357,-955.71875
357,1,358,-955.71875
358,1,359,-955.71875
359,1,360,-955.71875
360,1,361,-955.71875
361,1,362,-955.71875
362,1,363,-955.71875
363,1,364,-955.71875
364,1,365,-955.71875
365,1,366,-955.71875
366,1,367,-955.71875
367,1,368,-958.07421875
368,1,369,-958.07421875
369,1,370,-959.390625
370,1,371,-959.390625
371,1,372,-959.390625
372,1,373,-961.76171875
373,1,374,-961.76171875
374,1,375,-961.76171875
375,1,376,-961.76171875
376,1,377,-961.76171875
377,1,378,-961.76171875
378,1,379,-961.76171875
379,1,380,-961.76171875
380,1,381,-961.76171875
381,1,382,-961.76171875
382,1,383,-961.76171875
383,1,384,-963.09375
384,1,385,-963.09375
385,1,386,-963.09375
386,1,387,-963.09375
387,1,388,-965.48046875
388,1,389,-965.48046875
389,1,390,-965.48046875
390,1,391,-968.421875
391,1,392,-968.421875
392,1,393,-968.421875
393,1,394,-968.421875
394,1,395,-968.421875
395,1,396,-968.421875
396,1,397,-975.10546875
397,1,398,-975.10546875
398,1,399,-975.10546875
399,1,400,-981.8125
400,1,401,-981.8125
401,1,402,-981.8125
402,1,403,-981.8125
403,1,404,-981.8125
404,1,405,-981.8125
405,1,406,-981.8125
406,1,407,-981.8125
407,1,408,-981.8125
408,1,409,-981.8125
409,1,410,-983.16796875
410,1,411,-983.16796875
411,1,412,-983.16796875
412,1,413,-983.16796875
413,1,414,-983.16796875
414,1,415,-983.16796875
415,1,416,-989.90625
416,1,417,-989.90625
417,1,418,-989.90625
418,1,419,-989.90625
419,1,420,-996.66796875
420,1,421,-1003.453125
421,1,422,-1003.453125
422,1,423,-1005.88671875
423,1,424,-1005.88671875
424,1,425,-1005.88671875
425,1,426,-1012.703125
426,1,427,-1019.54296875
427,1,428,-1019.54296875
428,1,429,-1026.40625
429,1,430,-1026.40625
430,1,431,-1026.40625
431,1,432,-1026.40625
432,1,433,-1029.41796875
433,1,434,-1029.41796875
434,1,435,-1032.453125
435,1,436,-1033.85546875
436,1,437,-1033.85546875
437,1,438,-1033.85546875
438,1,439,-1033.85546875
439,1,440,-1033.85546875
440,1,441,-1033.85546875
441,1,442,-1033.85546875
442,1,443,-1033.85546875
443,1,444,-1033.85546875
444,1,445,-1035.28125
445,1,446,-1035.28125
446,1,447,-1042.19921875
447,1,448,-1042.19921875
448,1,449,-1042.19921875
449,1,450,-1042.19921875
450,1,451,-1043.65625
451,1,452,-1043.65625
452,1,453,-1043.65625
453,1,454,-1043.65625
454,1,455,-1045.13671875
455,1,456,-1045.13671875
456,1,457,-1045.13671875
457,1,458,-1045.13671875
458,1,459,-1045.13671875
459,1,460,-1046.640625
460,1,461,-1053.60546875
461,1,462,-1060.59375
462,1,463,-1067.60546875
463,1,464,-1067.60546875
464,1,465,-1067.60546875
465,1,466,-1067.60546875
466,1,467,-1067.60546875
467,1,468,-1067.60546875
468,1,469,-1070.65625
469,1,470,-1070.65625
470,1,471,-1070.65625
471,1,472,-1073.10546875
472,1,473,-1073.10546875
473,1,474,-1073.10546875
474,1,475,-1073.10546875
475,1,476,-1073.10546875
476,1,477,-1073.10546875
477,1,478,-1073.10546875
478,1,479,-1075.578125
479,1,480,-1082.63671875
480,1,481,-1082.63671875
481,1,482,-1082.63671875
482,1,483,-1082.63671875
483,1,484,-1082.63671875
484,1,485,-1082.63671875
485,1,486,-1082.63671875
486,1,487,-1082.63671875
487,1,488,-1082.63671875
488,1,489,-1082.63671875
489,1,490,-1082.63671875
490,1,491,-1082.63671875
491,1,492,-1085.703125
492,1,493,-1085.703125
493,1,494,-1085.703125
494,1,495,-1092.79296875
495,1,496,-1092.79296875
496,1,497,-1092.79296875
497,1,498,-1092.79296875
498,1,499,-1092.79296875
499,1,500,-1092.79296875
500,1,501,-1092.79296875
501,1,502,-1092.79296875
502,1,503,-1092.79296875
503,1,504,-1092.79296875
504,1,505,-1092.79296875
505,1,506,-1099.90625
506,1,507,-1099.90625
507,1,508,-1099.90625
508,1,509,-1099.90625
509,1,510,-1099.90625
510,1,511,-1101.44921875
511,1,512,-1101.44921875
512,1,513,-1103.953125
513,1,514,-1111.10546875
514,1,515,-1111.10546875
515,1,516,-1111.10546875
516,1,517,-1111.10546875
517,1,518,-1113.640625
518,1,519,-1116.73046875
519,1,520,-1116.73046875
520,1,521,-1116.73046875
521,1,522,-1116.73046875
522,1,523,-1116.73046875
523,1,524,-1119.28125
524,1,525,-1119.28125
525,1,526,-1126.48046875
526,1,527,-1126.48046875
527,1,528,-1126.48046875
528,1,529,-1126.48046875
529,1,530,-1126.48046875
530,1,531,-1126.48046875
531,1,532,-1126.48046875
532,1,533,-1126.48046875
533,1,534,-1126.48046875
534,1,535,-1126.48046875
535,1,536,-1128.03125
536,1,537,-1128.03125
537,1,538,-1128.03125
538,1,539,-1128.03125
539,1,540,-1131.13671875
540,1,541,-1131.13671875
541,1,542,-1134.265625
542,1,543,-1134.265625
543,1,544,-1134.265625
544,1,545,-1141.51171875
545,1,546,-1141.51171875
546,1,547,-1141.51171875
547,1,548,-1143.078125
548,1,549,-1143.078125
549,1,550,-1143.078125
550,1,551,-1143.078125
551,1,552,-1143.078125
552,1,553,-1143.078125
553,1,554,-1143.078125
554,1,555,-1143.078125
555,1,556,-1143.078125
556,1,557,-1143.078125
557,1,558,-1144.66796875
558,1,559,-1144.66796875
559,1,560,-1144.66796875
560,1,561,-1144.66796875
561,1,562,-1144.66796875
562,1,563,-1144.66796875
563,1,564,-1146.28125
564,1,565,-1146.28125
565,1,566,-1146.28125
566,1,567,-1146.28125
567,1,568,-1146.28125
568,1,569,-1146.28125
569,1,570,-1146.28125
570,1,571,-1146.28125
571,1,572,-1146.28125
572,1,573,-1146.28125
573,1,574,-1146.28125
574,1,575,-1146.28125
575,1,576,-1147.91796875
576,1,577,-1149.578125
577,1,578,-1149.578125
578,1,579,-1149.578125
579,1,580,-1151.26171875
580,1,581,-1152.96875
581,1,582,-1154.69921875
582,1,583,-1156.453125
583,1,584,-1156.453125
584,1,585,-1156.453125
585,1,586,-1156.453125
586,1,587,-1156.453125
587,1,588,-1156.453125
588,1,589,-1156.453125
589,1,590,-1156.453125
590,1,591,-1156.453125
591,1,592,-1156.453125
592,1,593,-1156.453125
593,1,594,-1156.453125
594,1,595,-1156.453125
595,1,596,-1156.453125
596,1,597,-1163.79296875
597,1,598,-1163.79296875
598,1,599,-1165.578125
599,1,600,-1165.578125
600,1,601,-1165.578125
601,1,602,-1165.578125
602,1,603,-1165.578125
603,1,604,-1165.578125
604,1,605,-1165.578125
605,1,606,-1172.94921875
606,1,607,-1176.046875
607,1,608,-1176.046875
608,1,609,-1176.046875
609,1,610,-1176.046875
610,1,611,-1176.046875
611,1,612,-1176.046875
612,1,613,-1176.046875
613,1,614,-1176.046875
614,1,615,-1176.046875
615,1,616,-1183.44921875
616,1,617,-1183.44921875
617,1,618,-1183.44921875
618,1,619,-1183.44921875
619,1,620,-1183.44921875
620,1,621,-1183.44921875
621,1,622,-1183.44921875
622,1,623,-1183.44921875
623,1,624,-1183.44921875
624,1,625,-1183.44921875
625,1,626,-1183.44921875
626,1,627,-1183.44921875
627,1,628,-1186.578125
628,1,629,-1188.38671875
629,1,630,-1188.38671875
630,1,631,-1188.38671875
631,1,632,-1190.21875
632,1,633,-1190.21875
633,1,634,-1190.21875
634,1,635,-1190.21875
635,1,636,-1190.21875
636,1,637,-1190.21875
637,1,638,-1190.21875
638,1,639,-1190.21875
639,1,640,-1190.21875
640,1,641,-1190.21875
641,1,642,-1190.21875
642,1,643,-1190.21875
643,1,644,-1197.66796875
644,1,645,-1197.66796875
645,1,646,-1197.66796875
646,1,647,-1197.66796875
647,1,648,-1197.66796875
648,1,649,-1197.66796875
649,1,650,-1197.66796875
650,1,651,-1197.66796875
651,1,652,-1200.15625
652,1,653,-1200.15625
653,1,654,-1200.15625
654,1,655,-1200.15625
655,1,656,-1200.15625
656,1,657,-1200.15625
657,1,658,-1200.15625
658,1,659,-1202.66796875
659,1,660,-1210.15625
660,1,661,-1210.15625
661,1,662,-1210.15625
662,1,663,-1217.66796875
663,1,664,-1217.66796875
664,1,665,-1217.66796875
665,1,666,-1217.66796875
666,1,667,-1219.53125
667,1,668,-1219.53125
668,1,669,-1219.53125
669,1,670,-1221.41796875
670,1,671,-1221.41796875
671,1,672,-1221.41796875
672,1,673,-1221.41796875
673,1,674,-1221.41796875
674,1,675,-1228.96875
675,1,676,-1236.54296875
676,1,677,-1236.54296875
677,1,678,-1236.54296875
678,1,679,-1236.54296875
679,1,680,-1236.54296875
680,1,681,-1236.54296875
681,1,682,-1244.140625
682,1,683,-1244.140625
683,1,684,-1244.140625
684,1,685,-1244.140625
685,1,686,-1244.140625
686,1,687,-1244.140625
687,1,688,-1244.140625
688,1,689,-1244.140625
689,1,690,-1244.140625
690,1,691,-1244.140625
691,1,692,-1244.140625
692,1,693,-1251.76171875
693,1,694,-1251.76171875
694,1,695,-1251.76171875
695,1,696,-1259.40625
696,1,697,-1259.40625
697,1,698,-1259.40625
698,1,699,-1259.40625
699,1,700,-1259.40625
700,1,701,-1261.35546875
701,1,702,-1269.03125
702,1,703,-1276.73046875
703,1,704,-1276.73046875
704,1,705,-1276.73046875
705,1,706,-1276.73046875
706,1,707,-1276.73046875
707,1,708,-1276.73046875
708,1,709,-1276.73046875
709,1,710,-1276.73046875
710,1,711,-1276.73046875
711,1,712,-1276.73046875
712,1,713,-1276.73046875
713,1,714,-1278.71875
714,1,715,-1278.71875
715,1,716,-1278.71875
716,1,717,-1286.44921875
717,1,718,-1286.44921875
718,1,719,-1286.44921875
719,1,720,-1286.44921875
720,1,721,-1286.44921875
721,1,722,-1289.03125
722,1,723,-1289.03125
723,1,724,-1289.03125
724,1,725,-1289.03125
725,1,726,-1289.03125
726,1,727,-1289.03125
727,1,728,-1291.63671875
728,1,729,-1291.63671875
729,1,730,-1291.63671875
730,1,731,-1291.63671875
731,1,732,-1291.63671875
732,1,733,-1291.63671875
733,1,734,-1291.63671875
734,1,735,-1291.63671875
735,1,736,-1299.40625
736,1,737,-1299.40625
737,1,738,-1299.40625
738,1,739,-1302.04296875
739,1,740,-1304.046875
740,1,741,-1307.19921875
741,1,742,-1307.19921875
742,1,743,-1307.19921875
743,1,744,-1307.19921875
744,1,745,-1307.19921875
745,1,746,-1307.19921875
746,1,747,-1315.015625
747,1,748,-1315.015625
748,1,749,-1315.015625
749,1,750,-1315.015625
750,1,751,-1315.015625
751,1,752,-1315.015625
752,1,753,-1315.015625
753,1,754,-1315.015625
754,1,755,-1315.015625
755,1,756,-1317.66796875
756,1,757,-1317.66796875
757,1,758,-1317.66796875
758,1,759,-1317.66796875
759,1,760,-1317.66796875
760,1,761,-1317.66796875
761,1,762,-1325.515625
762,1,763,-1325.515625
763,1,764,-1325.515625
764,1,765,-1325.515625
765,1,766,-1325.515625
766,1,767,-1325.515625
767,1,768,-1325.515625
768,1,769,-1333.38671875
769,1,770,-1333.38671875
770,1,771,-1333.38671875
771,1,772,-1341.28125
772,1,773,-1341.28125
773,1,774,-1341.28125
774,1,775,-1341.28125
775,1,776,-1341.28125
776,1,777,-1341.28125
777,1,778,-1341.28125
778,1,779,-1341.28125
779,1,780,-1341.28125
780,1,781,-1341.28125
781,1,782,-1341.28125
782,1,783,-1349.19921875
783,1,784,-1357.140625
784,1,785,-1357.140625
785,1,786,-1357.140625
786,1,787,-1359.85546875
787,1,788,-1359.85546875
788,1,789,-1359.85546875
789,1,790,-1359.85546875
790,1,791,-1359.85546875
791,1,792,-1361.90625
792,1,793,-1361.90625
793,1,794,-1361.90625
794,1,795,-1361.90625
795,1,796,-1361.90625
796,1,797,-1361.90625
797,1,798,-1361.90625
798,1,799,-1361.90625
799,1,800,-1363.98046875
800,1,801,-1363.98046875
801,1,802,-1363.98046875
802,1,803,-1363.98046875
803,1,804,-1363.98046875
804,1,805,-1371.96875
805,1,806,-1371.96875
806,1,807,-1374.07421875
807,1,808,-1382.09375
808,1,809,-1382.09375
809,1,810,-1382.09375
810,1,811,-1382.09375
811,1,812,-1382.09375
812,1,813,-1382.09375
813,1,814,-1382.09375
814,1,815,-1382.09375
815,1,816,-1385.29296875
816,1,817,-1387.421875
817,1,818,-1387.421875
818,1,819,-1395.48046875
819,1,820,-1395.48046875
820,1,821,-1395.48046875
821,1,822,-1403.5625
822,1,823,-1403.5625
823,1,824,-1406.29296875
824,1,825,-1406.29296875
825,1,826,-1406.29296875
826,1,827,-1406.29296875
827,1,828,-1406.29296875
828,1,829,-1406.29296875
829,1,830,-1406.29296875
830,1,831,-1406.29296875
831,1,832,-1406.29296875
832,1,833,-1406.29296875
833,1,834,-1406.29296875
834,1,835,-1406.29296875
835,1,836,-1406.29296875
836,1,837,-1406.29296875
837,1,838,-1406.29296875
838,1,839,-1406.29296875
839,1,840,-1406.29296875
840,1,841,-1406.29296875
841,1,842,-1406.29296875
842,1,843,-1408.453125
843,1,844,-1408.453125
844,1,845,-1408.453125
845,1,846,-1408.453125
846,1,847,-1408.453125
847,1,848,-1408.453125
848,1,849,-1408.453125
849,1,850,-1416.57421875
850,1,851,-1416.57421875
851,1,852,-1418.765625
852,1,853,-1418.765625
853,1,854,-1418.765625
854,1,855,-1418.765625
855,1,856,-1418.765625
856,1,857,-1420.98046875
857,1,858,-1420.98046875
858,1,859,-1420.98046875
859,1,860,-1423.21875
860,1,861,-1423.21875
861,1,862,-1425.94921875
862,1,863,-1425.94921875
863,1,864,-1425.94921875
864,1,865,-1434.125
865,1,866,-1442.32421875
866,1,867,-1450.546875
867,1,868,-1450.546875
868,1,869,-1458.79296875
869,1,870,-1458.79296875
870,1,871,-1458.79296875
871,1,872,-1458.79296875
872,1,873,-1461.078125
873,1,874,-1461.078125
874,1,875,-1461.078125
875,1,876,-1463.85546875
876,1,877,-1463.85546875
877,1,878,-1463.85546875
878,1,879,-1463.85546875
879,1,880,-1463.85546875
880,1,881,-1463.85546875
881,1,882,-1463.85546875
882,1,883,-1463.85546875
883,1,884,-1463.85546875
884,1,885,-1463.85546875
885,1,886,-1463.85546875
886,1,887,-1463.85546875
887,1,888,-1463.85546875
888,1,889,-1463.85546875
889,1,890,-1463.85546875
890,1,891,-1463.85546875
891,1,892,-1463.85546875
892,1,893,-1472.140625
893,1,894,-1472.140625
894,1,895,-1472.140625
895,1,896,-1472.140625
896,1,897,-1472.140625
897,1,898,-1472.140625
898,1,899,-1472.140625
899,1,900,-1472.140625
900,1,901,-1474.44921875
901,1,902,-1477.65625
902,1,903,-1477.65625
903,1,904,-1477.65625
904,1,905,-1477.65625
905,1,906,-1477.65625
906,1,907,-1477.65625
907,1,908,-1479.98046875
908,1,909,-1479.98046875
909,1,910,-1479.98046875
910,1,911,-1479.98046875
911,1,912,-1479.98046875
912,1,913,-1479.98046875
913,1,914,-1479.98046875
914,1,915,-1479.98046875
915,1,916,-1479.98046875
916,1,917,-1479.98046875
917,1,918,-1479.98046875
918,1,919,-1482.328125
919,1,920,-1482.328125
920,1,921,-1482.328125
921,1,922,-1482.328125
922,1,923,-1482.328125
923,1,924,-1482.328125
924,1,925,-1485.54296875
925,1,926,-1485.54296875
926,1,927,-1485.54296875
927,1,928,-1493.890625
928,1,929,-1493.890625
929,1,930,-1493.890625
930,1,931,-1493.890625
931,1,932,-1493.890625
932,1,933,-1493.890625
933,1,934,-1493.890625
934,1,935,-1493.890625
935,1,936,-1493.890625
936,1,937,-1493.890625
937,1,938,-1493.890625
938,1,939,-1493.890625
939,1,940,-1493.890625
940,1,941,-1502.26171875
941,1,942,-1504.640625
942,1,943,-1504.640625
943,1,944,-1504.640625
944,1,945,-1513.04296875
945,1,946,-1513.04296875
946,1,947,-1516.296875
947,1,948,-1516.296875
948,1,949,-1516.296875
949,1,950,-1516.296875
950,1,951,-1516.296875
951,1,952,-1516.296875
952,1,953,-1524.73046875
953,1,954,-1524.73046875
954,1,955,-1524.73046875
955,1,956,-1528.015625
956,1,957,-1536.48046875
957,1,958,-1536.48046875
958,1,959,-1536.48046875
959,1,960,-1536.48046875
960,1,961,-1536.48046875
961,1,962,-1536.48046875
962,1,963,-1539.796875
963,1,964,-1539.796875
964,1,965,-1539.796875
965,1,966,-1539.796875
966,1,967,-1539.796875
967,1,968,-1548.29296875
968,1,969,-1551.078125
969,1,970,-1554.41796875
970,1,971,-1554.41796875
971,1,972,-1554.41796875
972,1,973,-1557.78125
973,1,974,-1557.78125
974,1,975,-1557.78125
975,1,976,-1557.78125
976,1,977,-1560.57421875
977,1,978,-1560.57421875
978,1,979,-1560.57421875
979,1,980,-1560.57421875
980,1,981,-1560.57421875
981,1,982,-1562.953125
982,1,983,-1562.953125
983,1,984,-1565.35546875
984,1,985,-1565.35546875
985,1,986,-1567.78125
986,1,987,-1567.78125
987,1,988,-1567.78125
988,1,989,-1567.78125
989,1,990,-1571.13671875
990,1,991,-1571.13671875
991,1,992,-1571.13671875
992,1,993,-1571.13671875
993,1,994,-1571.13671875
994,1,995,-1571.13671875
995,1,996,-1571.13671875
996,1,997,-1571.13671875
997,1,998,-1573.578125
998,1,999,-1573.578125
999,1,1000,-1573.578125
1000,1,1001,-1576.94921875
1001,1,1002,-1576.94921875
1002,1,1003,-1576.94921875
1003,1,1004,-1585.546875
1004,1,1005,-1585.546875
1005,1,1006,-1588.01171875
1006,1,1007,-1588.01171875
1007,1,1008,-1588.01171875
1008,1,1009,-1588.01171875
1009,1,1010,-1588.01171875
1010,1,1011,-1590.5
1011,1,1012,-1593.01171875
1012,1,1013,-1593.01171875
1013,1,1014,-1593.01171875
1014,1,1015,-1593.01171875
1015,1,1016,-1593.01171875
1016,1,1017,-1593.01171875
1017,1,1018,-1593.01171875
1018,1,1019,-1593.01171875
1019,1,1020,-1593.01171875
1020,1,1021,-1593.01171875
1021,1,1022,-1593.01171875
1022,1,1023,-1593.01171875
1023,1,1024,-1593.01171875
1024,2,2,-1593.01171875
1025,2,4,-1593.01171875
1026,2,6,-1593.01171875
1027,2,8,-1593.01171875
1028,2,10,-1593.01171875
1029,2,12,-1593.01171875
1030,2,14,-1593.01171875
1031,2,16,-1593.01171875
1032,2,18,-1593.01171875
1033,2,20,-1593.01171875
1034,2,22,-1593.01171875
1035,2,24,-1593.01171875
1036,2,26,-1593.01171875
1037,2,28,-1593.01171875
1038,2,30,-1593.01171875
1039,2,32,-1593.01171875
1040,2,34,-1593.01171875
1041,2,36,-1593.01171875
1042,2,38,-1593.01171875
1043,2,40,-1593.01171875
1044,2,42,-1593.01171875
1045,2,44,-1593.01171875
1046,2,46,-1593.01171875
1047,2,48,-1593.01171875
1048,2,50,-1593.01171875
1049,2,52,-1593.01171875
1050,2,54,-1593.01171875
1051,2,56,-1593.01171875
1052,2,58,-1593.01171875
1053,2,60,-1593.01171875
1054,2,62,-1593.01171875
1055,2,64,-1593.01171875
1056,2,66,-1593.01171875
1057,2,68,-1593.01171875
1058,2,70,-1593.01171875
1059,2,72,-1593.01171875
1060,2,74,-1593.01171875
1061,2,76,-1593.01171875
1062,2,78,-1593.01171875
1063,2,80,-1593.01171875
1064,2,82,-1593.01171875
1065,2,84,-1593.01171875
1066,2,86,-1593.01171875
1067,2,88,-1593.01171875
1068,2,90,-1593.01171875
1069,2,92,-1593.01171875
1070,2,94,-1593.01171875
1071,2,96,-1593.01171875
1072,2,98,-1593.01171875
1073,2,100,-1593.01171875
1074,2,102,-1593.01171875
1075,2,104,-1593.01171875
1076,2,106,-1593.01171875
1077,2,108,-1593.01171875
1078,2,110,-1593.01171875
1079,2,112,-1593.01171875
1080,2,114,-1593.01171875
1081,2,116,-1593.01171875
1082,2,118,-1593.01171875
1083,2,120,-1593.01171875
1084,2,122,-1593.01171875
1085,2,124,-1593.01171875
1086,2,126,-1593.01171875
1087,2,128,-1593.01171875
1088,2,130,-1593.01171875
1089,2,132,-1593.01171875
1090,2,134,-1593.01171875
1091,2,136,-1593.01171875
1092,2,138,-1593.01171875
1093,2,140,-1593.01171875
1094,2,142,-1593.01171875
1095,2,144,-1593.01171875
1096,2,146,-1593.01171875
1097,2,148,-1593.01171875
1098,2,150,-1593.01171875
1099,2,152,-1593.01171875
1100,2,154,-1593.01171875
1101,2,156,-1593.01171875
1102,2,158,-1593.01171875
1103,2,160,-1593.01171875
1104,2,162,-1593.01171875
1105,2,164,-1593.01171875
1106,2,166,-1593.01171875
1107,2,168,-1593.01171875
1108,2,170,-1593.01171875
1109,2,172,-1593.01171875
1110,2,174,-1593.01171875
1111,2,176,-1593.01171875
1112,2,178,-1593.01171875
1113,2,180,-1593.01171875
1114,2,182,-1593.01171875
1115,2,184,-1593.01171875
1116,2,186,-1593.01171875
1117,2,188,-1593.01171875
1118,2,190,-1593.01171875
1119,2,192,-1593.01171875
1120,2,194,-1593.01171875
1121,2,196,-1593.01171875
1122,2,198,-1593.01171875
1123,2,200,-1593.01171875
1124,2,202,-1593.01171875
1125,2,204,-1593.01171875
1126,2,206,-1593.01171875
1127,2,208,-1593.01171875
1128,2,210,-1593.01171875
1129,2,212,-1593.01171875
1130,2,214,-1593.01171875
1131,2,216,-1593.01171875
1132,2,218,-1593.01171875
1133,2,220,-1593.01171875
1134,2,222,-1593.01171875
1135,2,224,-1593.01171875
1136,2,226,-1593.01171875
1137,2,228,-1593.01171875
1138,2,230,-1593.01171875
1139,2,232,-1593.01171875
1140,2,234,-1593.01171875
1141,2,236,-1593.01171875
1142,2,238,-1593.01171875
1143,2,240,-1593.01171875
1144,2,242,-1593.01171875
1145,2,244,-1593.01171875
1146,2,246,-1593.01171875
1147,2,248,-1593.01171875
1148,2,250,-1593.01171875
1149,2,252,-1593.01171875
1150,2,254,-1593.01171875
1151,2,256,-1593.01171875
1152,2,258,-1593.01171875
1153,2,260,-1593.01171875
1154,2,262,-1593.01171875
1155,2,264,-1593.01171875
1156,2,266,-1593.01171875
1157,2,268,-1593.01171875
1158,2,270,-1593.01171875
1159,2,272,-1593.01171875
1160,2,274,-1593.01171875
1161,2,276,-1593.01171875
1162,2,278,-1593.01171875
1163,2,280,-1593.01171875
1164,2,282,-1593.01171875
1165,2,284,-1593.01171875
1166,2,286,-1593.01171875
1167,2,288,-1593.01171875
1168,2,290,-1593.01171875
1169,2,292,-1593.01171875
1170,2,294,-1593.01171875
1171,2,296,-1593.01171875
1172,2,298,-1593.01171875
1173,2,300,-1593.01171875
1174,2,302,-1593.01171875
1175,2,304,-1593.01171875
1176,2,306,-1593.01171875
1177,2,308,-1593.01171875
1178,2,310,-1593.01171875
1179,2,312,-1593.01171875
1180,2,314,-1593.01171875
1181,2,316,-1593.01171875
1182,2,318,-1593.01171875
1183,2,320,-1593.01171875
1184,2,322,-1593.01171875
1185,2,324,-1593.01171875
1186,2,326,-1593.01171875
1187,2,328,-1593.01171875
1188,2,330,-1593.01171875
1189,2,332,-1593.01171875
1190,2,334,-1593.01171875
1191,2,336,-1593.01171875
1192,2,338,-1593.01171875
1193,2,340,-1593.01171875
1194,2,342,-1593.01171875
1195,2,344,-1593.01171875
1196,2,346,-1593.01171875
1197,2,348,-1593.01171875
1198,2,350,-1593.01171875
1199,2,352,-1593.01171875
1200,2,354,-1593.01171875
1201,2,356,-1593.01171875
1202,2,358,-1593.01171875
1203,2,360,-1593.01171875
1204,2,362,-1593.01171875
1205,2,364,-1593.01171875
1206,2,366,-1593.01171875
1207,2,368,-1593.01171875
1208,2,370,-1593.01171875
1209,2,372,-1593.01171875
1210,2,374,-1593.01171875
1211,2,376,-1593.01171875
1212,2,378,-1593.01171875
1213,2,380,-1593.01171875
1214,2,382,-1593.01171875
1215,2,384,-1593.01171875
1216,2,386,-1593.01171875
1217,2,388,-1593.01171875
1218,2,390,-1593.01171875
1219,2,392,-1593.01171875
1220,2,394,-1593.01171875
1221,2,396,-1593.01171875
1222,2,398,-1593.01171875
1223,2,400,-1593.01171875
1224,2,402,-1593.01171875
1225,2,404,-1593.01171875
1226,2,406,-1593.01171875
1227,2,408,-1593.01171875
1228,2,410,-1593.01171875
1229,2,412,-1593.01171875
1230,2,414,-1593.01171875
1231,2,416,-1593.01171875
1232,2,418,-1593.01171875
1233,2,420,-1593.01171875
1234,2,422,-1593.01171875
1235,2,424,-1593.01171875
1236,2,426,-1593.01171875
1237,2,428,-1593.01171875
1238,2,430,-1593.01171875
1239,2,432,-1593.01171875
1240,2,434,-1593.01171875
1241,2,436,-1593.01171875
1242,2,438,-1593.01171875
1243,2,440,-1593.01171875
1244,2,442,-1593.01171875
1245,2,444,-1593.01171875
1246,2,446,-1593.01171875
1247,2,448,-1593.01171875
1248,2,450,-1593.01171875
1249,2,452,-1593.01171875
1250,2,454,-1593.01171875
1251,2,456,-1593.01171875
1252,2,458,-1593.01171875
1253,2,460,-1593.01171875
1254,2,462,-1593.01171875
1255,2,464,-1593.01171875
1256,2,466,-1593.01171875
1257,2,468,-1593.01171875
1258,2,470,-1593.01171875
1259,2,472,-1593.01171875
1260,2,474,-1593.01171875
1261,2,476,-1593.01171875
1262,2,478,-1593.01171875
1263,2,480,-1593.01171875
1264,2,482,-1593.01171875
1265,2,484,-1593.01171875
1266,2,486,-1593.01171875
1267,2,488,-1593.01171875
1268,2,490,-1593.01171875
1269,2,492,-1593.01171875
1270,2,494,-1593.01171875
1271,2,496,-1593.01171875
1272,2,498,-1593.01171875
1273,2,500,-1593.01171875
1274,2,502,-1593.01171875
1275,2,504,-1593.01171875
1276,2,506,-1593.01171875
1277,2,508,-1593.01171875
1278,2,510,-1593.01171875
1279,2,512,-1593.01171875
1280,2,514,-1593.01171875
1281,2,516,-1593.01171875
1282,2,518,-1593.01171875
1283,2,520,-1593.01171875
1284,2,522,-1593.01171875
1285,2,524,-1593.01171875
1286,2,526,-1593.01171875
1287,2,528,-1593.01171875
1288,2,530,-1593.01171875
1289,2,532,-1593.01171875
1290,2,534,-1593.01171875
1291,2,536,-1593.01171875
1292,2,538,-1593.01171875
1293,2,540,-1593.01171875
1294,2,542,-1593.01171875
1295,2,544,-1593.01171875
1296,2,546,-1593.01171875
1297,2,548,-1593.01171875
1298,2,550,-1593.01171875
1299,2,552,-1593.01171875
1300,2,554,-1593.01171875
1301,2,556,-1593.01171875
1302,2,558,-1593.01171875
1303,2,560,-1593.01171875
1304,2,562,-1593.01171875
1305,2,564,-1593.01171875
1306,2,566,-1593.01171875
1307,2,568,-1593.01171875
1308,2,570,-1593.01171875
1309,2,572,-1593.01171875
1310,2,574,-1593.01171875
1311,2,576,-1593.01171875
1312,2,578,-1593.01171875
1313,2,580,-1593.01171875
1314,2,582,-1593.01171875
1315,2,584,-1593.01171875
1316,2,586,-1593.01171875
1317,2,588,-1593.01171875
1318,2,590,-1593.01171875
1319,2,592,-1593.01171875
1320,2,594,-1593.01171875
1321,2,596,-1593.01171875
1322,2,598,-1593.01171875
1323,2,600,-1593.01171875
1324,2,602,-1593.01171875
1325,2,604,-1593.01171875
1326,2,606,-1593.01171875
1327,2,608,-1593.01171875
1328,2,610,-1593.01171875
1329,2,612,-1593.01171875
1330,2,614,-1593.01171875
1331,2,616,-1593.01171875
1332,2,618,-1593.01171875
1333,2,620,-1593.01171875
1334,2,622,-1593.01171875
1335,2,624,-1593.01171875
1336,2,626,-1593.01171875
1337,2,628,-1593.01171875
1338,2,630,-1593.01171875
1339,2,632,-1593.01171875
1340,2,634,-1593.01171875
1341,2,636,-1593.01171875
1342,2,638,-1593.01171875
1343,2,640,-1593.01171875
1344,2,642,-1593.01171875
1345,2,644,-1593.01171875
1346,2,646,-1593.01171875
1347,2,648,-1593.01171875
1348,2,650,-1593.01171875
1349,2,652,-1593.01171875
1350,2,654,-1593.01171875
1351,2,656,-1593.01171875
1352,2,658,-1593.01171875
1353,2,660,-1593.01171875
1354,2,662,-1593.01171875
1355,2,664,-1593.01171875
1356,2,666,-1593.01171875
1357,2,668,-1593.01171875
1358,2,670,-1593.01171875
1359,2,672,-1593.01171875
1360,2,674,-1593.01171875
1361,2,676,-1593.01171875
1362,2,678,-1593.01171875
1363,2,680,-1593.01171875
1364,2,682,-1593.01171875
1365,2,684,-1593.01171875
1366,2,686,-1593.01171875
1367,2,688,-1593.01171875
1368,2,690,-1593.01171875
1369,2,692,-1593.01171875
1370,2,694,-1593.01171875
1371,2,696,-1593.01171875
1372,2,698,-1593.01171875
1373,2,700,-1593.01171875
1374,2,702,-1593.01171875
1375,2,704,-1593.01171875
1376,2,706,-1593.01171875
1377,2,708,-1593.01171875
1378,2,710,-1593.01171875
1379,2,712,-1593.01171875
1380,2,714,-1593.01171875
1381,2,716,-1593.01171875
1382,2,718,-1593.01171875
1383,2,720,-1593.01171875
1384,2,722,-1593.01171875
1385,2,724,-1593.01171875
1386,2,726,-1593.01171875
1387,2,728,-1593.01171875
1388,2,730,-1593.01171875
1389,2,732,-1593.01171875
1390,2,734,-1593.01171875
1391,2,736,-1593.01171875
1392,2,738,-1593.01171875
1393,2,740,-1593.01171875
1394,2,742,-1593.01171875
1395,2,744,-1593.01171875
1396,2,746,-1593.01171875
1397,2,748,-1593.01171875
1398,2,750,-1593.01171875
1399,2,752,-1593.01171875
1400,2,754,-1593.01171875
1401,2,756,-1593.01171875
1402,2,758,-1593.01171875
1403,2,760,-1593.01171875
1404,2,762,-1593.01171875
1405,2,764,-1593.01171875
1406,2,766,-1593.01171875
1407,2,768,-1593.01171875
1408,2,770,-1593.01171875
1409,2,772,-1593.01171875
1410,2,774,-1593.01171875
1411,2,776,-1593.01171875
1412,2,778,-1593.01171875
1413,2,780,-1593.01171875
1414,2,782,-1593.01171875
1415,2,784,-1593.01171875
1416,2,786,-1593.01171875
1417,2,788,-1593.01171875
1418,2,790,-1593.01171875
1419,2,792,-1593.01171875
1420,2,794,-1593.01171875
1421,2,796,-1593.01171875
1422,2,798,-1593.01171875
1423,2,800,-1593.01171875
1424,2,802,-1593.01171875
1425,2,804,-1593.01171875
1426,2,806,-1593.01171875
1427,2,808,-1593.01171875
1428,2,810,-1593.01171875
1429,2,812,-1593.01171875
1430,2,814,-1593.01171875
1431,2,816,-1593.01171875
1432,2,818,-1593.01171875
1433,2,820,-1593.01171875
1434,2,822,-1593.01171875
1435,2,824,-1593.01171875
1436,2,826,-1593.01171875
1437,2,828,-1593.01171875
1438,2,830,-1593.01171875
1439,2,832,-1593.01171875
1440,2,834,-1593.01171875
1441,2,836,-1593.01171875
1442,2,838,-1593.01171875
1443,2,840,-1593.01171875
1444,2,842,-1593.01171875
1445,2,844,-1593.01171875
1446,2,846,-1593.01171875
1447,2,848,-1593.01171875
1448,2,850,-1593.01171875
1449,2,852,-1593.01171875
1450,2,854,-1593.01171875
1451,2,856,-1593.01171875
1452,2,858,-1593.01171875
1453,2,860,-1593.01171875
1454,2,862,-1593.01171875
1455,2,864,-1593.01171875
1456,2,866,-1593.01171875
1457,2,868,-1593.01171875
1458,2,870,-1593.01171875
1459,2,872,-1593.01171875
1460,2,874,-1593.01171875
1461,2,876,-1593.01171875
1462,2,878,-1593.01171875
1463,2,880,-1593.01171875
1464,2,882,-1593.01171875
1465,2,884,-1593.01171875
1466,2,886,-1593.01171875
1467,2,888,-1593.01171875
1468,2,890,-1593.01171875
1469,2,892,-1593.01171875
1470,2,894,-1593.01171875
1471,2,896,-1593.01171875
1472,2,898,-1593.01171875
1473,2,900,-1593.01171875
1474,2,902,-1593.01171875
1475,2,904,-1593.01171875
1476,2,906,-1593.01171875
1477,2,908,-1593.01171875
1478,2,910,-1593.01171875
1479,2,912,-1593.01171875
1480,2,914,-1593.01171875
1481,2,916,-1593.01171875
1482,2,918,-1593.01171875
1483,2,920,-1593.01171875
1484,2,922,-1593.01171875
1485,2,924,-1593.01171875
1486,2,926,-1593.01171875
1487,2,928,-1593.01171875
1488,2,930,-1593.01171875
1489,2,932,-1593.01171875
1490,2,934,-1593.01171875
1491,2,936,-1593.01171875
1492,2,938,-1593.01171875
1493,2,940,-1593.01171875
1494,2,942,-1593.01171875
1495,2,944,-1593.01171875
1496,2,946,-1593.01171875
1497,2,948,-1593.01171875
1498,2,950,-1593.01171875
1499,2,952,-1593.01171875
1500,2,954,-1593.01171875
1501,2,956,-1593.01171875
1502,2,958,-1593.01171875
1503,2,960,-1593.01171875
1504,2,962,-1593.01171875
1505,2,964,-1593.01171875
1506,2,966,-1593.01171875
1507,2,968,-1593.01171875
1508,2,970,-1593.01171875
1509,2,972,-1593.01171875
1510,2,974,-1593.01171875
1511,2,976,-1593.01171875
1512,2,978,-1593.01171875
1513,2,980,-1593.01171875
1514,2,982,-1593.01171875
1515,2,984,-1593.01171875
1516,2,986,-1593.01171875
1517,2,988,-1593.01171875
1518,2,990,-1593.01171875
1519,2,992,-1593.01171875
1520,2,994,-1593.01171875
1521,2,996,-1593.01171875
1522,2,998,-1593.01171875
1523,2,1000,-1593.01171875
1524,2,1002,-1593.01171875
1525,2,1004,-1593.01171875
1526,2,1006,-1593.01171875
1527,2,1008,-1593.01171875
1528,2,1010,-1593.01171875
1529,2,1012,-1593.01171875
1530,2,1014,-1593.01171875
1531,2,1016,-1593.01171875
1532,2,1018,-1593.01171875
1533,2,1020,-1593.01171875
1534,2,1022,-1593.01171875
1535,2,1024,-1593.01171875
1536,2,1026,-1593.01171875
1537,2,1028,-1593.01171875
1538,2,1030,-1593.01171875
1539,2,1032,-1593.01171875
1540,2,1034,-1593.01171875
1541,2,1036,-1593.01171875
1542,2,1038,-1593.01171875
1543,2,1040,-1593.01171875
1544,2,1042,-1593.01171875
1545,2,1044,-1593.01171875
1546,2,1046,-1593.01171875
1547,2,1048,-1593.01171875
1548,2,1050,-1593.01171875
1549,2,1052,-1593.01171875
1550,2,1054,-1593.01171875
1551,2,1056,-1593.01171875
1552,2,1058,-1593.01171875
1553,2,1060,-1593.01171875
1554,2,1062,-1593.01171875
1555,2,1064,-1593.01171875
1556,2,1066,-1593.01171875
1557,2,1068,-1593.01171875
1558,2,1070,-1593.01171875
1559,2,1072,-1593.01171875
1560,2,1074,-1593.01171875
1561,2,1076,-1593.01171875
1562,2,1078,-1593.01171875
1563,2,1080,-1593.01171875
1564,2,1082,-1593.01171875
1565,2,1084,-1593.01171875
1566,2,1086,-1593.01171875
1567,2,1088,-1593.01171875
1568,2,1090,-1593.01171875
1569,2,1092,-1593.01171875
1570,2,1094,-1593.01171875
1571,2,1096,-1593.01171875
1572,2,1098,-1593.01171875
1573,2,1100,-1593.01171875
1574,2,1102,-1593.01171875
1575,2,1104,-1593.01171875
1576,2,1106,-1593.01171875
1577,2,1108,-1593.01171875
1578,2,1110,-1593.01171875
1579,2,1112,-1593.01171875
1580,2,1114,-1593.01171875
1581,2,1116,-1593.01171875
1582,2,1118,-1593.01171875
1583,2,1120,-1593.01171875
1584,2,1122,-1593.01171875
1585,2,1124,-1593.01171875
1586,2,1126,-1593.01171875
1587,2,1128,-1593.01171875
1588,2,1130,-1593.01171875
1589,2,1132,-1593.01171875
1590,2,1134,-1593.01171875
1591,2,1136,-1593.01171875
1592,2,1138,-1593.01171875
1593,2,1140,-1593.01171875
1594,2,1142,-1593.01171875
1595,2,1144,-1593.01171875
1596,2,1146,-1593.01171875
1597,2,1148,-1593.01171875
1598,2,1150,-1593.01171875
1599,2,1152,-1593.01171875
1600,2,1154,-1593.01171875
1601,2,1156,-1593.01171875
1602,2,1158,-1593.01171875
1603,2,1160,-1593.01171875
1604,2,1162,-1593.01171875
1605,2,1164,-1593.01171875
1606,2,1166,-1593.01171875
1607,2,1168,-1593.01171875
1608,2,1170,-1593.01171875
1609,2,1172,-1593.01171875
1610,2,1174,-1593.01171875
1611,2,1176,-1593.01171875
1612,2,1178,-1593.01171875
1613,2,1180,-1593.01171875
1614,2,1182,-1593.01171875
1615,2,1184,-1593.01171875
1616,2,1186,-1593.01171875
1617,2,1188,-1593.01171875
1618,2,1190,-1593.01171875
1619,2,1192,-1593.01171875
1620,2,1194,-1593.01171875
1621,2,1196,-1593.01171875
1622,2,1198,-1593.01171875
1623,2,1200,-1593.01171875
1624,2,1202,-1593.01171875
1625,2,1204,-1593.01171875
1626,2,1206,-1593.01171875
1627,2,1208,-1593.01171875
1628,2,1210,-1593.01171875
1629,2,1212,-1593.01171875
1630,2,1214,-1593.01171875
1631,2,1216,-1593.01171875
1632,2,1218,-1593.01171875
1633,2,1220,-1593.01171875
1634,2,1222,-1593.01171875
1635,2,1224,-1593.01171875
1636,2,1226,-1593.01171875
1637,2,1228,-1593.01171875
1638,2,1230,-1593.01171875
1639,2,1232,-1593.01171875
1640,2,1234,-1593.01171875
1641,2,1236,-1593.01171875
1642,2,1238,-1593.01171875
1643,2,1240,-1593.01171875
1644,2,1242,-1593.01171875
1645,2,1244,-1593.01171875
1646,2,1246,-1593.01171875
1647,2,1248,-1593.01171875
1648,2,1250,-1593.01171875
1649,2,1252,-1593.01171875
1650,2,1254,-1593.01171875
1651,2,1256,-1593.01171875
1652,2,1258,-1593.01171875
1653,2,1260,-1593.01171875
1654,2,1262,-1593.01171875
1655,2,1264,-1593.01171875
1656,2,1266,-1593.01171875
1657,2,1268,-1593.01171875
1658,2,1270,-1593.01171875
1659,2,1272,-1593.01171875
1660,2,1274,-1593.01171875
1661,2,1276,-1593.01171875
1662,2,1278,-1593.01171875
1663,2,1280,-1593.01171875
1664,2,1282,-1593.01171875
1665,2,1284,-1593.01171875
1666,2,1286,-1593.01171875
1667,2,1288,-1593.01171875
1668,2,1290,-1593.01171875
1669,2,1292,-1593.01171875
1670,2,1294,-1593.01171875
1671,2,1296,-1593.01171875
1672,2,1298,-1593.01171875
1673,2,1300,-1593.01171875
1674,2,1302,-1593.01171875
1675,2,1304,-1593.01171875
1676,2,1306,-1593.01171875
1677,2,1308,-1593.01171875
1678,2,1310,-1593.01171875
1679,2,1312,-1593.01171875
1680,2,1314,-1593.01171875
1681,2,1316,-1593.01171875
1682,2,1318,-1593.01171875
1683,2,1320,-1593.01171875
1684,2,1322,-1593.01171875
1685,2,1324,-1593.01171875
1686,2,1326,-1593.01171875
1687,2,1328,-1593.01171875
1688,2,1330,-1593.01171875
1689,2,1332,-1593.01171875
1690,2,1334,-1593.01171875
1691,2,1336,-1593.01171875
1692,2,1338,-1593.01171875
1693,2,1340,-1593.01171875
1694,2,1342,-1593.01171875
1695,2,1344,-1593.01171875
1696,2,1346,-1593.01171875
1697,2,1348,-1593.01171875
1698,2,1350,-1593.01171875
1699,2,1352,-1593.01171875
1700,2,1354,-1593.01171875
1701,2,1356,-1593.01171875
1702,2,1358,-1593.01171875
1703,2,1360,-1593.01171875
1704,2,1362,-1593.01171875
1705,2,1364,-1593.01171875
1706,2,1366,-1593.01171875
1707,2,1368,-1593.01171875
1708,2,1370,-1593.01171875
1709,2,1372,-1593.01171875
1710,2,1374,-1593.01171875
1711,2,1376,-1593.01171875
1712,2,1378,-1593.01171875
1713,2,1380,-1593.01171875
1714,2,1382,-1593.01171875
1715,2,1384,-1593.01171875
1716,2,1386,-1593.01171875
1717,2,1388,-1593.01171875
1718,2,1390,-1593.01171875
1719,2,1392,-1593.01171875
1720,2,1394,-1593.01171875
1721,2,1396,-1593.01171875
1722,2,1398,-1593.01171875
1723,2,1400,-1593.01171875
1724,2,1402,-1593.01171875
1725,2,1404,-1593.01171875
1726,2,1406,-1593.01171875
1727,2,1408,-1593.01171875
1728,2,1410,-1593.01171875
1729,2,1412,-1593.01171875
1730,2,1414,-1593.01171875
1731,2,1416,-1593.01171875
1732,2,1418,-1593.01171875
1733,2,1420,-1593.01171875
1734,2,1422,-1593.01171875
1735,2,1424,-1593.01171875
1736,2,1426,-1593.01171875
1737,2,1428,-1593.01171875
1738,2,1430,-1593.01171875
1739,2,1432,-1593.01171875
1740,2,1434,-1593.01171875
1741,2,1436,-1593.01171875
1742,2,1438,-1593.01171875
1743,2,1440,-1593.01171875
1744,2,1442,-1593.01171875
1745,2,1444,-1593.01171875
1746,2,1446,-1593.01171875
1747,2,1448,-1593.01171875
1748,2,1450,-1593.01171875
1749,2,1452,-1593.01171875
1750,2,1454,-1593.01171875
1751,2,1456,-1593.01171875
1752,2,1458,-1593.01171875
1753,2,1460,-1593.01171875
1754,2,1462,-1593.01171875
1755,2,1464,-1593.01171875
1756,2,1466,-1593.01171875
1757,2,1468,-1593.01171875
1758,2,1470,-1593.01171875
1759,2,1472,-1593.01171875
1760,2,1474,-1593.01171875
1761,2,1476,-1593.01171875
1762,2,1478,-1593.01171875
1763,2,1480,-1593.01171875
1764,2,1482,-1593.01171875
1765,2,1484,-1593.01171875
1766,2,1486,-1593.01171875
1767,2,1488,-1593.01171875
1768,2,1490,-1593.01171875
1769,2,1492,-1593.01171875
1770,2,1494,-1593.01171875
1771,2,1496,-1593.01171875
1772,2,1498,-1593.01171875
1773,2,1500,-1593.01171875
1774,2,1502,-1593.01171875
1775,2,1504,-1593.01171875
1776,2,1506,-1593.01171875
1777,2,1508,-1593.01171875
1778,2,1510,-1593.01171875
1779,2,1512,-1593.01171875
1780,2,1514,-1593.01171875
1781,2,1516,-1593.01171875
1782,2,1518,-1593.01171875
1783,2,1520,-1593.01171875
1784,2,1522,-1593.01171875
1785,2,1524,-1593.01171875
1786,2,1526,-1593.01171875
1787,2,1528,-1593.01171875
1788,2,1530,-1593.01171875
1789,2,1532,-1593.01171875
1790,2,1534,-1593.01171875
1791,2,1536,-1593.01171875
1792,2,1538,-1593.01171875
1793,2,1540,-1593.01171875
1794,2,1542,-1593.01171875
1795,2,1544,-1593.01171875
1796,2,1546,-1593.01171875
1797,2,1548,-1593.01171875
1798,2,1550,-1593.01171875
1799,2,1552,-1593.01171875
1800,2,1554,-1593.01171875
1801,2,1556,-1593.01171875
1802,2,1558,-1593.01171875
1803,2,1560,-1593.01171875
1804,2,1562,-1593.01171875
1805,2,1564,-1593.01171875
1806,2,1566,-1593.01171875
1807,2,1568,-1593.01171875
1808,2,1570,-1593.01171875
1809,2,1572,-1593.01171875
1810,2,1574,-1593.01171875
1811,2,1576,-1593.01171875
1812,2,1578,-1593.01171875
1813,2,1580,-1593.01171875
1814,2,1582,-1593.01171875
1815,2,1584,-1593.01171875
1816,2,1586,-1593.01171875
1817,2,1588,-1593.01171875
1818,2,1590,-1593.01171875
1819,2,1592,-1593.01171875
1820,2,1594,-1593.01171875
1821,2,1596,-1593.01171875
1822,2,1598,-1593.01171875
1823,2,1600,-1593.01171875
1824,2,1602,-1593.01171875
1825,2,1604,-1593.01171875
1826,2,1606,-1593.01171875
1827,2,1608,-1593.01171875
1828,2,1610,-1593.01171875
1829,2,1612,-1593.01171875
1830,2,1614,-1593.01171875
1831,2,1616,-1593.01171875
1832,2,1618,-1593.01171875
1833,2,1620,-1593.01171875
1834,2,1622,-1593.01171875
1835,2,1624,-1593.01171875
1836,2,1626,-1593.01171875
1837,2,1628,-1593.01171875
1838,2,1630,-1593.01171875
1839,2,1632,-1593.01171875
1840,2,1634,-1593.01171875
1841,2,1636,-1593.01171875
1842,2,1638,-1593.01171875
1843,2,1640,-1593.01171875
1844,2,1642,-1593.01171875
1845,2,1644,-1593.01171875
1846,2,1646,-1593.01171875
1847,2,1648,-1593.01171875
1848,2,1650,-1593.01171875
1849,2,1652,-1593.01171875
1850,2,1654,-1593.01171875
1851,2,1656,-1593.01171875
1852,2,1658,-1593.01171875
1853,2,1660,-1593.01171875
1854,2,1662,-1593.01171875
1855,2,1664,-1593.01171875
1856,2,1666,-1593.01171875
1857,2,1668,-1593.01171875
1858,2,1670,-1593.01171875
1859,2,1672,-1593.01171875
1860,2,1674,-1593.01171875
1861,2,1676,-1593.01171875
1862,2,1678,-1593.01171875
1863,2,1680,-1593.01171875
1864,2,1682,-1593.01171875
1865,2,1684,-1593.01171875
1866,2,1686,-1593.01171875
1867,2,1688,-1593.01171875
1868,2,1690,-1593.01171875
1869,2,1692,-1593.01171875
1870,2,1694,-1593.01171875
1871,2,1696,-1593.01171875
1872,2,1698,-1593.01171875
1873,2,1700,-1593.01171875
1874,2,1702,-1593.01171875
1875,2,1704,-1593.01171875
1876,2,1706,-1593.01171875
1877,2,1708,-1593.01171875
1878,2,1710,-1593.01171875
1879,2,1712,-1593.01171875
1880,2,1714,-1593.01171875
1881,2,1716,-1593.01171875
1882,2,1718,-1593.01171875
1883,2,1720,-1593.01171875
1884,2,1722,-1593.01171875
1885,2,1724,-1593.01171875
1886,2,1726,-1593.01171875
1887,2,1728,-1593.01171875
1888,2,1730,-1593.01171875
1889,2,1732,-1593.01171875
1890,2,1734,-1593.01171875
1891,2,1736,-1593.01171875
1892,2,1738,-1593.01171875
1893,2,1740,-1593.01171875
1894,2,1742,-1593.01171875
1895,2,1744,-1593.01171875
1896,2,1746,-1593.01171875
1897,2,1748,-1593.01171875
1898,2,1750,-1593.01171875
1899,2,1752,-1593.01171875
1900,2,1754,-1593.01171875
1901,2,1756,-1593.01171875
1902,2,1758,-1593.01171875
1903,2,1760,-1593.01171875
1904,2,1762,-1593.01171875
1905,2,1764,-1593.01171875
1906,2,1766,-1593.01171875
1907,2,1768,-1593.01171875
1908,2,1770,-1593.01171875
1909,2,1772,-1593.01171875
1910,2,1774,-1593.01171875
1911,2,1776,-1593.01171875
1912,2,1778,-1593.01171875
1913,2,1780,-1593.01171875
1914,2,1782,-1593.01171875
1915,2,1784,-1593.01171875
1916,2,1786,-1593.01171875
1917,2,1788,-1593.01171875
1918,2,1790,-1593.01171875
1919,2,1792,-1593.01171875
1920,2,1794,-1593.01171875
1921,2,1796,-1593.01171875
1922,2,1798,-1593.01171875
1923,2,1800,-1593.01171875
1924,2,1802,-1593.01171875
1925,2,1804,-1593.01171875
1926,2,1806,-1593.01171875
1927,2,1808,-1593.01171875
1928,2,1810,-1593.01171875
1929,2,1812,-1593.01171875
1930,2,1814,-1593.01171875
1931,2,1816,-1593.01171875
1932,2,1818,-1593.01171875
1933,2,1820,-1593.01171875
1934,2,1822,-1593.01171875
1935,2,1824,-1593.01171875
1936,2,1826,-1593.01171875
1937,2,1828,-1593.01171875
1938,2,1830,-1593.01171875
1939,2,1832,-1593.01171875
1940,2,1834,-1593.01171875
1941,2,1836,-1593.01171875
1942,2,1838,-1593.01171875
1943,2,1840,-1593.01171875
1944,2,1842,-1593.01171875
1945,2,1844,-1593.01171875
1946,2,1846,-1593.01171875
1947,2,1848,-1593.01171875
1948,2,1850,-1593.01171875
1949,2,1852,-1593.01171875
1950,2,1854,-1593.01171875
1951,2,1856,-1593.01171875
1952,2,1858,-1593.01171875
1953,2,1860,-1593.01171875
1954,2,1862,-1593.01171875
1955,2,1864,-1593.01171875
1956,2,1866,-1593.01171875
1957,2,1868,-1593.01171875
1958,2,1870,-1593.01171875
1959,2,1872,-1593.01171875
1960,2,1874,-1593.01171875
1961,2,1876,-1593.01171875
1962,2,1878,-1593.01171875
1963,2,1880,-1593.01171875
1964,2,1882,-1593.01171875
1965,2,1884,-1593.01171875
1966,2,1886,-1593.01171875
1967,2,1888,-1593.01171875
1968,2,1890,-1593.01171875
1969,2,1892,-1593.01171875
1970,2,1894,-1593.01171875
1971,2,1896,-1593.01171875
1972,2,1898,-1593.01171875
1973,2,1900,-1593.01171875
1974,2,1902,-1593.01171875
1975,2,1904,-1593.01171875
1976,2,1906,-1593.01171875
1977,2,1908,-1593.01171875
1978,2,1910,-1593.01171875
1979,2,1912,-1593.01171875
1980,2,1914,-1593.01171875
1981,2,1916,-1593.01171875
1982,2,1918,-1593.01171875
1983,2,1920,-1593.01171875
1984,2,1922,-1593.01171875
1985,2,1924,-1593.01171875
1986,2,1926,-1593.01171875
1987,2,1928,-1593.01171875
1988,2,1930,-1593.01171875
1989,2,1932,-1593.01171875
1990,2,1934,-1593.01171875
1991,2,1936,-1593.01171875
1992,2,1938,-1593.01171875
1993,2,1940,-1593.01171875
1994,2,1942,-1593.01171875
1995,2,1944,-1593.01171875
1996,2,1946,-1593.01171875
1997,2,1948,-1593.01171875
1998,2,1950,-1593.01171875
1999,2,1952,-1593.01171875
2000,2,1954,-1593.01171875
2001,2,1956,-1593.01171875
2002,2,1958,-1593.01171875
2003,2,1960,-1593.01171875
2004,2,1962,-1593.01171875
2005,2,1964,-1593.01171875
2006,2,1966,-1593.01171875
2007,2,1968,-1593.01171875
2008,2,1970,-1593.01171875
2009,2,1972,-1593.01171875
2010,2,1974,-1593.01171875
2011,2,1976,-1593.01171875
2012,2,1978,-1593.01171875
2013,2,1980,-1593.01171875
2014,2,1982,-1593.01171875
2015,2,1984,-1593.01171875
2016,2,1986,-1593.01171875
2017,2,1988,-1593.01171875
2018,2,1990,-1593.01171875
2019,2,1992,-1593.01171875
2020,2,1994,-1593.01171875
2021,2,1996,-1593.01171875
2022,2,1998,-1593.01171875
2023,2,2000,-1593.01171875
2024,2,2002,-1593.01171875
2025,2,2004,-1593.01171875
2026,2,2006,-1593.01171875
2027,2,2008,-1593.01171875
2028,2,2010,-1593.01171875
2029,2,2012,-1593.01171875
2030,2,2014,-1593.01171875
2031,2,2016,-1593.01171875
2032,2,2018,-1593.01171875
2033,2,2020,-1593.01171875
2034,2,2022,-1593.01171875
2035,2,2024,-1593.01171875
2036,2,2026,-1593.01171875
2037,2,2028,-1593.01171875
2038,2,2030,-1593.01171875
2039,2,2032,-1593.01171875
2040,2,2034,-1593.01171875
2041,2,2036,-1593.01171875
2042,2,2038,-1593.01171875
2043,2,2040,-1593.01171875
2044,2,2042,-1593.01171875
2045,2,2044,-1593.01171875
2046,2,2046,-1593.01171875
2047,2,2048,-1593.01171875
