,num_iterations,updates,energy
0,1,1,-524.98046875
1,1,2,-524.98046875
2,1,3,-524.98046875
3,1,4,-524.98046875
4,1,5,-524.98046875
5,1,6,-529.921875
6,1,7,-529.921875
7,1,8,-529.921875
8,1,9,-530.98046875
9,1,10,-535.953125
10,1,11,-535.953125
11,1,12,-537.76171875
12,1,13,-537.76171875
13,1,14,-537.76171875
14,1,15,-539.59375
15,1,16,-539.59375
16,1,17,-539.59375
17,1,18,-539.59375
18,1,19,-544.60546875
19,1,20,-544.60546875
20,1,21,-544.60546875
21,1,22,-549.640625
22,1,23,-549.640625
23,1,24,-549.640625
24,1,25,-549.640625
25,1,26,-549.640625
26,1,27,-549.640625
27,1,28,-549.640625
28,1,29,-554.69921875
29,1,30,-554.69921875
30,1,31,-554.69921875
31,1,32,-554.69921875
32,1,33,-556.828125
33,1,34,-561.91796875
34,1,35,-561.91796875
35,1,36,-561.91796875
36,1,37,-561.91796875
37,1,38,-561.91796875
38,1,39,-561.91796875
39,1,40,-561.91796875
40,1,41,-561.91796875
41,1,42,-561.91796875
42,1,43,-561.91796875
43,1,44,-561.91796875
44,1,45,-561.91796875
45,1,46,-561.91796875
46,1,47,-564.078125
47,1,48,-564.078125
48,1,49,-564.078125
49,1,50,-564.078125
50,1,51,-564.078125
51,1,52,-566.26171875
52,1,53,-566.26171875
53,1,54,-566.26171875
54,1,55,-566.26171875
55,1,56,-566.26171875
56,1,57,-566.26171875
57,1,58,-571.390625
58,1,59,-571.390625
59,1,60,-571.390625
60,1,61,-571.390625
61,1,62,-571.390625
62,1,63,-571.390625
63,1,64,-571.390625
64,1,65,-571.390625
65,1,66,-571.390625
66,1,67,-572.48046875
67,1,68,-572.48046875
68,1,69,-572.48046875
69,1,70,-577.640625
70,1,71,-577.640625
71,1,72,-577.640625
72,1,73,-577.640625
73,1,74,-582.82421875
74,1,75,-582.82421875
75,1,76,-588.03125
76,1,77,-588.03125
77,1,78,-588.03125
78,1,79,-588.03125
79,1,80,-589.91796875
80,1,81,-592.140625
81,1,82,-593.26171875
82,1,83,-593.26171875
83,1,84,-593.26171875
84,1,85,-593.26171875
85,1,86,-593.26171875
86,1,87,-593.26171875
87,1,88,-598.515625
88,1,89,-600.76171875
89,1,90,-600.76171875
90,1,91,-601.90625
91,1,92,-601.90625
92,1,93,-601.90625
93,1,94,-601.90625
94,1,95,-601.90625
95,1,96,-601.90625
96,1,97,-601.90625
97,1,98,-601.90625
98,1,99,-601.90625
99,1,100,-601.90625
100,1,101,-601.90625
101,1,102,-601.90625
102,1,103,-601.90625
103,1,104,-607.19921875
104,1,105,-607.19921875
105,1,106,-612.515625
106,1,107,-612.515625
107,1,108,-612.515625
108,1,109,-614.79296875
109,1,110,-614.79296875
110,1,111,-620.140625
111,1,112,-620.140625
112,1,113,-620.140625
113,1,114,-622.44921875
114,1,115,-622.44921875
115,1,116,-627.828125
116,1,117,-629.73046875
117,1,118,-629.73046875
118,1,119,-629.73046875
119,1,120,-629.73046875
120,1,121,-629.73046875
121,1,122,-629.73046875
122,1,123,-629.73046875
123,1,124,-629.73046875
124,1,125,-629.73046875
125,1,126,-632.0625
126,1,127,-632.0625
127,1,128,-633.23046875
128,1,129,-638.65625
129,1,130,-638.65625
130,1,131,-638.65625
131,1,132,-641.01171875
132,1,133,-646.46875
133,1,134,-646.46875
134,1,135,-646.46875
135,1,136,-646.46875
136,1,137,-646.46875
137,1,138,-646.46875
138,1,139,-646.46875
139,1,140,-651.94921875
140,1,141,-651.94921875
141,1,142,-651.94921875
142,1,143,-651.94921875
143,1,144,-651.94921875
144,1,145,-651.94921875
145,1,146,-651.94921875
146,1,147,-651.94921875
147,1,148,-651.94921875
148,1,149,-651.94921875
149,1,150,-651.94921875
150,1,151,-657.453125
151,1,152,-657.453125
152,1,153,-657.453125
153,1,154,-662.98046875
154,1,155,-662.98046875
155,1,156,-664.921875
156,1,157,-664.921875
157,1,158,-664.921875
158,1,159,-664.921875
159,1,160,-664.921875
160,1,161,-664.921875
161,1,162,-670.48046875
162,1,163,-670.48046875
163,1,164,-676.0625
164,1,165,-676.0625
165,1,166,-676.0625
166,1,167,-676.0625
167,1,168,-681.66796875
168,1,169,-681.66796875
169,1,170,-682.90625
170,1,171,-684.88671875
171,1,172,-684.88671875
172,1,173,-684.88671875
173,1,174,-684.88671875
174,1,175,-684.88671875
175,1,176,-684.88671875
176,1,177,-684.88671875
177,1,178,-690.53125
178,1,179,-690.53125
179,1,180,-690.53125
180,1,181,-696.19921875
181,1,182,-696.19921875
182,1,183,-697.46875
183,1,184,-703.16796875
184,1,185,-703.16796875
185,1,186,-704.46875
186,1,187,-704.46875
187,1,188,-704.46875
188,1,189,-704.46875
189,1,190,-704.46875
190,1,191,-704.46875
191,1,192,-704.46875
192,1,193,-710.19921875
193,1,194,-710.19921875
194,1,195,-710.19921875
195,1,196,-710.19921875
196,1,197,-710.19921875
197,1,198,-710.19921875
198,1,199,-710.19921875
199,1,200,-715.953125
200,1,201,-717.98046875
201,1,202,-717.98046875
202,1,203,-717.98046875
203,1,204,-717.98046875
204,1,205,-717.98046875
205,1,206,-717.98046875
206,1,207,-717.98046875
207,1,208,-717.98046875
208,1,209,-717.98046875
209,1,210,-717.98046875
210,1,211,-717.98046875
211,1,212,-717.98046875
212,1,213,-723.765625
213,1,214,-729.57421875
214,1,215,-735.40625
215,1,216,-735.40625
216,1,217,-735.40625
217,1,218,-735.40625
218,1,219,-741.26171875
219,1,220,-741.26171875
220,1,221,-741.26171875
221,1,222,-741.26171875
222,1,223,-741.26171875
223,1,224,-743.34375
224,1,225,-743.34375
225,1,226,-743.34375
226,1,227,-743.34375
227,1,228,-743.34375
228,1,229,-743.34375
229,1,230,-745.79296875
230,1,231,-751.6875
231,1,232,-751.6875
232,1,233,-757.60546875
233,1,234,-757.60546875
234,1,235,-757.60546875
235,1,236,-757.60546875
236,1,237,-757.60546875
237,1,238,-757.60546875
238,1,239,-757.60546875
239,1,240,-757.60546875
240,1,241,-757.60546875
241,1,242,-757.60546875
242,1,243,-757.60546875
243,1,244,-757.60546875
244,1,245,-759.71875
245,1,246,-759.71875
246,1,247,-759.71875
247,1,248,-761.07421875
248,1,249,-761.07421875
249,1,250,-763.203125
250,1,251,-763.203125
251,1,252,-763.203125
252,1,253,-769.16796875
253,1,254,-769.16796875
254,1,255,-770.546875
255,1,256,-770.546875
256,1,257,-773.01171875
257,1,258,-775.15625
258,1,259,-776.54296875
259,1,260,-776.54296875
260,1,261,-782.5625
261,1,262,-782.5625
262,1,263,-782.5625
263,1,264,-788.60546875
264,1,265,-788.60546875
265,1,266,-788.60546875
266,1,267,-788.60546875
267,1,268,-794.671875
268,1,269,-800.76171875
269,1,270,-800.76171875
270,1,271,-800.76171875
271,1,272,-800.76171875
272,1,273,-800.76171875
273,1,274,-800.76171875
274,1,275,-800.76171875
275,1,276,-800.76171875
276,1,277,-800.76171875
277,1,278,-800.76171875
278,1,279,-800.76171875
279,1,280,-800.76171875
280,1,281,-800.76171875
281,1,282,-803.265625
282,1,283,-803.265625
283,1,284,-803.265625
284,1,285,-803.265625
285,1,286,-809.38671875
286,1,287,-809.38671875
287,1,288,-809.38671875
288,1,289,-809.38671875
289,1,290,-809.38671875
290,1,291,-809.38671875
291,1,292,-809.38671875
292,1,293,-809.38671875
293,1,294,-815.53125
294,1,295,-815.53125
295,1,296,-815.53125
296,1,297,-816.98046875
297,1,298,-816.98046875
298,1,299,-819.171875
299,1,300,-819.171875
300,1,301,-819.171875
301,1,302,-819.171875
302,1,303,-819.171875
303,1,304,-820.63671875
304,1,305,-820.63671875
305,1,306,-820.63671875
306,1,307,-820.63671875
307,1,308,-820.63671875
308,1,309,-820.63671875
309,1,310,-823.15625
310,1,311,-823.15625
311,1,312,-823.15625
312,1,313,-823.15625
313,1,314,-823.15625
314,1,315,-823.15625
315,1,316,-824.63671875
316,1,317,-824.63671875
317,1,318,-830.84375
318,1,319,-837.07421875
319,1,320,-837.07421875
320,1,321,-837.07421875
321,1,322,-837.07421875
322,1,323,-838.59375
323,1,324,-838.59375
324,1,325,-838.59375
325,1,326,-838.59375
326,1,327,-844.85546875
327,1,328,-851.140625
328,1,329,-853.69921875
329,1,330,-860.015625
330,1,331,-860.015625
331,1,332,-866.35546875
332,1,333,-866.35546875
333,1,334,-866.35546875
334,1,335,-868.578125
335,1,336,-868.578125
336,1,337,-868.578125
337,1,338,-868.578125
338,1,339,-868.578125
339,1,340,-868.578125
340,1,341,-868.578125
341,1,342,-870.82421875
342,1,343,-870.82421875
343,1,344,-870.82421875
344,1,345,-870.82421875
345,1,346,-877.203125
346,1,347,-877.203125
347,1,348,-877.203125
348,1,349,-878.76171875
349,1,350,-878.76171875
350,1,351,-878.76171875
351,1,352,-878.76171875
352,1,353,-878.76171875
353,1,354,-878.76171875
354,1,355,-878.76171875
355,1,356,-878.76171875
356,1,357,-881.03125
357,1,358,-881.03125
358,1,359,-881.03125
359,1,360,-881.03125
360,1,361,-881.03125
361,1,362,-887.44921875
362,1,363,-887.44921875
363,1,364,-887.44921875
364,1,365,-889.03125
365,1,366,-889.03125
366,1,367,-889.03125
367,1,368,-889.03125
368,1,369,-889.03125
369,1,370,-889.03125
370,1,371,-891.60546875
371,1,372,-891.60546875
372,1,373,-891.60546875
373,1,374,-894.203125
374,1,375,-894.203125
375,1,376,-894.203125
376,1,377,-896.48046875
377,1,378,-898.0625
378,1,379,-898.0625
379,1,380,-898.0625
380,1,381,-898.0625
381,1,382,-898.0625
382,1,383,-898.0625
383,1,384,-898.0625
384,1,385,-900.66796875
385,1,386,-900.66796875
386,1,387,-900.66796875
387,1,388,-900.66796875
388,1,389,-902.265625
389,1,390,-908.76171875
390,1,391,-908.76171875
391,1,392,-908.76171875
392,1,393,-908.76171875
393,1,394,-908.76171875
394,1,395,-908.76171875
395,1,396,-915.28125
396,1,397,-916.91796875
397,1,398,-916.91796875
398,1,399,-916.91796875
399,1,400,-916.91796875
400,1,401,-916.91796875
401,1,402,-918.578125
402,1,403,-925.13671875
403,1,404,-925.13671875
404,1,405,-925.13671875
405,1,406,-926.828125
406,1,407,-926.828125
407,1,408,-926.828125
408,1,409,-929.44921875
409,1,410,-929.44921875
410,1,411,-932.09375
411,1,412,-932.09375
412,1,413,-932.09375
413,1,414,-938.69921875
414,1,415,-940.40625
415,1,416,-940.40625
416,1,417,-942.13671875
417,1,418,-948.78125
418,1,419,-948.78125
419,1,420,-948.78125
420,1,421,-948.78125
421,1,422,-948.78125
422,1,423,-948.78125
423,1,424,-948.78125
424,1,425,-948.78125
425,1,426,-948.78125
426,1,427,-948.78125
427,1,428,-951.04296875
428,1,429,-951.04296875
429,1,430,-951.04296875
430,1,431,-951.04296875
431,1,432,-951.04296875
432,1,433,-951.04296875
433,1,434,-952.796875
434,1,435,-952.796875
435,1,436,-952.796875
436,1,437,-952.796875
437,1,438,-954.57421875
438,1,439,-957.21875
439,1,440,-957.21875
440,1,441,-957.21875
441,1,442,-957.21875
442,1,443,-957.21875
443,1,444,-959.48046875
444,1,445,-959.48046875
445,1,446,-959.48046875
446,1,447,-961.765625
447,1,448,-961.765625
448,1,449,-968.48046875
449,1,450,-968.48046875
450,1,451,-975.21875
451,1,452,-975.21875
452,1,453,-977.54296875
453,1,454,-977.54296875
454,1,455,-984.3125
455,1,456,-984.3125
456,1,457,-984.3125
457,1,458,-991.10546875
458,1,459,-991.10546875
459,1,460,-991.10546875
460,1,461,-991.10546875
461,1,462,-991.10546875
462,1,463,-997.921875
463,1,464,-997.921875
464,1,465,-997.921875
465,1,466,-997.921875
466,1,467,-997.921875
467,1,468,-997.921875
468,1,469,-997.921875
469,1,470,-1000.29296875
470,1,471,-1000.29296875
471,1,472,-1000.29296875
472,1,473,-1000.29296875
473,1,474,-1000.29296875
474,1,475,-1000.29296875
475,1,476,-1002.96875
476,1,477,-1002.96875
477,1,478,-1002.96875
478,1,479,-1002.96875
479,1,480,-1002.96875
480,1,481,-1002.96875
481,1,482,-1002.96875
482,1,483,-1009.82421875
483,1,484,-1009.82421875
484,1,485,-1016.703125
485,1,486,-1016.703125
486,1,487,-1016.703125
487,1,488,-1023.60546875
488,1,489,-1023.60546875
489,1,490,-1023.60546875
490,1,491,-1023.60546875
491,1,492,-1030.53125
492,1,493,-1033.26171875
493,1,494,-1033.26171875
494,1,495,-1040.21875
495,1,496,-1047.19921875
496,1,497,-1047.19921875
497,1,498,-1054.203125
498,1,499,-1054.203125
499,1,500,-1054.203125
500,1,501,-1054.203125
501,1,502,-1054.203125
502,1,503,-1054.203125
503,1,504,-1054.203125
504,1,505,-1054.203125
505,1,506,-1054.203125
506,1,507,-1054.203125
507,1,508,-1054.203125
508,1,509,-1056.98046875
509,1,510,-1064.015625
510,1,511,-1064.015625
511,1,512,-1064.015625
512,1,513,-1064.015625
513,1,514,-1064.015625
514,1,515,-1064.015625
515,1,516,-1064.015625
516,1,517,-1064.015625
517,1,518,-1064.015625
518,1,519,-1064.015625
519,1,520,-1064.015625
520,1,521,-1064.015625
521,1,522,-1064.015625
522,1,523,-1064.015625
523,1,524,-1066.44921875
524,1,525,-1066.44921875
525,1,526,-1066.44921875
526,1,527,-1066.44921875
527,1,528,-1066.44921875
528,1,529,-1066.44921875
529,1,530,-1066.44921875
530,1,531,-1066.44921875
531,1,532,-1066.44921875
532,1,533,-1073.515625
533,1,534,-1073.515625
534,1,535,-1073.515625
535,1,536,-1080.60546875
536,1,537,-1080.60546875
537,1,538,-1082.453125
538,1,539,-1085.26171875
539,1,540,-1092.390625
540,1,541,-1092.390625
541,1,542,-1099.54296875
542,1,543,-1099.54296875
543,1,544,-1099.54296875
544,1,545,-1099.54296875
545,1,546,-1099.54296875
546,1,547,-1099.54296875
547,1,548,-1099.54296875
548,1,549,-1101.421875
549,1,550,-1101.421875
550,1,551,-1101.421875
551,1,552,-1101.421875
552,1,553,-1101.421875
553,1,554,-1101.421875
554,1,555,-1101.421875
555,1,556,-1101.421875
556,1,557,-1108.60546875
557,1,558,-1115.8125
558,1,559,-1115.8125
559,1,560,-1115.8125
560,1,561,-1115.8125
561,1,562,-1115.8125
562,1,563,-1115.8125
563,1,564,-1115.8125
564,1,565,-1115.8125
565,1,566,-1115.8125
566,1,567,-1115.8125
567,1,568,-1115.8125
568,1,569,-1115.8125
569,1,570,-1115.8125
570,1,571,-1115.8125
571,1,572,-1115.8125
572,1,573,-1115.8125
573,1,574,-1115.8125
574,1,575,-1115.8125
575,1,576,-1115.8125
576,1,577,-1115.8125
577,1,578,-1115.8125
578,1,579,-1123.04296875
579,1,580,-1123.04296875
580,1,581,-1123.04296875
581,1,582,-1123.04296875
582,1,583,-1123.04296875
583,1,584,-1130.296875
584,1,585,-1132.23046875
585,1,586,-1132.23046875
586,1,587,-1132.23046875
587,1,588,-1132.23046875
588,1,589,-1139.515625
589,1,590,-1139.515625
590,1,591,-1141.48046875
591,1,592,-1141.48046875
592,1,593,-1143.96875
593,1,594,-1145.94921875
594,1,595,-1145.94921875
595,1,596,-1148.796875
596,1,597,-1148.796875
597,1,598,-1148.796875
598,1,599,-1148.796875
599,1,600,-1156.13671875
600,1,601,-1156.13671875
601,1,602,-1156.13671875
602,1,603,-1163.5
603,1,604,-1163.5
604,1,605,-1163.5
605,1,606,-1163.5
606,1,607,-1163.5
607,1,608,-1170.88671875
608,1,609,-1170.88671875
609,1,610,-1170.88671875
610,1,611,-1170.88671875
611,1,612,-1178.296875
612,1,613,-1180.82421875
613,1,614,-1183.71875
614,1,615,-1183.71875
615,1,616,-1183.71875
616,1,617,-1183.71875
617,1,618,-1191.16796875
618,1,619,-1191.16796875
619,1,620,-1191.16796875
620,1,621,-1191.16796875
621,1,622,-1193.71875
622,1,623,-1195.73046875
623,1,624,-1195.73046875
624,1,625,-1195.73046875
625,1,626,-1195.73046875
626,1,627,-1195.73046875
627,1,628,-1195.73046875
628,1,629,-1195.73046875
629,1,630,-1195.73046875
630,1,631,-1195.73046875
631,1,632,-1195.73046875
632,1,633,-1195.73046875
633,1,634,-1198.296875
634,1,635,-1198.296875
635,1,636,-1198.296875
636,1,637,-1198.296875
637,1,638,-1201.19921875
638,1,639,-1201.19921875
639,1,640,-1201.19921875
640,1,641,-1201.19921875
641,1,642,-1201.19921875
642,1,643,-1201.19921875
643,1,644,-1201.19921875
644,1,645,-1201.19921875
645,1,646,-1201.19921875
646,1,647,-1201.19921875
647,1,648,-1201.19921875
648,1,649,-1201.19921875
649,1,650,-1201.19921875
650,1,651,-1201.19921875
651,1,652,-1201.19921875
652,1,653,-1208.703125
653,1,654,-1211.63671875
654,1,655,-1211.63671875
655,1,656,-1214.59375
656,1,657,-1214.59375
657,1,658,-1214.59375
658,1,659,-1216.60546875
659,1,660,-1216.60546875
660,1,661,-1216.60546875
661,1,662,-1216.60546875
662,1,663,-1216.60546875
663,1,664,-1216.60546875
664,1,665,-1216.60546875
665,1,666,-1216.60546875
666,1,667,-1216.60546875
667,1,668,-1216.60546875
668,1,669,-1216.60546875
669,1,670,-1216.60546875
670,1,671,-1216.60546875
671,1,672,-1216.60546875
672,1,673,-1216.60546875
673,1,674,-1218.640625
674,1,675,-1218.640625
675,1,676,-1218.640625
676,1,677,-1218.640625
677,1,678,-1220.69921875
678,1,679,-1220.69921875
679,1,680,-1228.265625
680,1,681,-1228.265625
681,1,682,-1228.265625
682,1,683,-1228.265625
683,1,684,-1228.265625
684,1,685,-1228.265625
685,1,686,-1230.82421875
686,1,687,-1230.82421875
687,1,688,-1230.82421875
688,1,689,-1233.78125
689,1,690,-1233.78125
690,1,691,-1233.78125
691,1,692,-1233.78125
692,1,693,-1233.78125
693,1,694,-1235.85546875
694,1,695,-1235.85546875
695,1,696,-1243.46875
696,1,697,-1243.46875
697,1,698,-1243.46875
698,1,699,-1251.10546875
699,1,700,-1253.21875
700,1,701,-1253.21875
701,1,702,-1253.21875
702,1,703,-1255.35546875
703,1,704,-1255.35546875
704,1,705,-1255.35546875
705,1,706,-1255.35546875
706,1,707,-1255.35546875
707,1,708,-1255.35546875
708,1,709,-1263.03125
709,1,710,-1263.03125
710,1,711,-1263.03125
711,1,712,-1263.03125
712,1,713,-1263.03125
713,1,714,-1263.03125
714,1,715,-1263.03125
715,1,716,-1263.03125
716,1,717,-1263.03125
717,1,718,-1263.03125
718,1,719,-1263.03125
719,1,720,-1263.03125
720,1,721,-1265.19921875
721,1,722,-1265.19921875
722,1,723,-1265.19921875
723,1,724,-1265.19921875
724,1,725,-1265.19921875
725,1,726,-1265.19921875
726,1,727,-1265.19921875
727,1,728,-1265.19921875
728,1,729,-1265.19921875
729,1,730,-1265.19921875
730,1,731,-1267.390625
731,1,732,-1267.390625
732,1,733,-1267.390625
733,1,734,-1270.35546875
734,1,735,-1272.5625
735,1,736,-1272.5625
736,1,737,-1272.5625
737,1,738,-1275.10546875
738,1,739,-1275.10546875
739,1,740,-1275.10546875
740,1,741,-1275.10546875
741,1,742,-1282.84375
742,1,743,-1282.84375
743,1,744,-1285.07421875
744,1,745,-1285.07421875
745,1,746,-1285.07421875
746,1,747,-1285.07421875
747,1,748,-1285.07421875
748,1,749,-1285.07421875
749,1,750,-1285.07421875
750,1,751,-1285.07421875
751,1,752,-1285.07421875
752,1,753,-1287.640625
753,1,754,-1287.640625
754,1,755,-1287.640625
755,1,756,-1287.640625
756,1,757,-1290.23046875
757,1,758,-1290.23046875
758,1,759,-1290.23046875
759,1,760,-1290.23046875
760,1,761,-1290.23046875
761,1,762,-1292.46875
762,1,763,-1292.46875
763,1,764,-1292.46875
764,1,765,-1295.41796875
765,1,766,-1295.41796875
766,1,767,-1303.21875
767,1,768,-1303.21875
768,1,769,-1311.04296875
769,1,770,-1311.04296875
770,1,771,-1313.3125
771,1,772,-1313.3125
772,1,773,-1313.3125
773,1,774,-1313.3125
774,1,775,-1313.3125
775,1,776,-1313.3125
776,1,777,-1313.3125
777,1,778,-1313.3125
778,1,779,-1313.3125
779,1,780,-1321.16796875
780,1,781,-1321.16796875
781,1,782,-1321.16796875
782,1,783,-1321.16796875
783,1,784,-1321.16796875
784,1,785,-1321.16796875
785,1,786,-1323.78125
786,1,787,-1331.66796875
787,1,788,-1331.66796875
788,1,789,-1331.66796875
789,1,790,-1331.66796875
790,1,791,-1331.66796875
791,1,792,-1331.66796875
792,1,793,-1331.66796875
793,1,794,-1331.66796875
794,1,795,-1331.66796875
795,1,796,-1331.66796875
796,1,797,-1334.65625
797,1,798,-1334.65625
798,1,799,-1334.65625
799,1,800,-1334.65625
800,1,801,-1334.65625
801,1,802,-1334.65625
802,1,803,-1334.65625
803,1,804,-1334.65625
804,1,805,-1337.66796875
805,1,806,-1340.703125
806,1,807,-1348.63671875
807,1,808,-1348.63671875
808,1,809,-1348.63671875
809,1,810,-1356.59375
810,1,811,-1356.59375
811,1,812,-1356.59375
812,1,813,-1359.66796875
813,1,814,-1367.65625
814,1,815,-1367.65625
815,1,816,-1367.65625
816,1,817,-1367.65625
817,1,818,-1367.65625
818,1,819,-1367.65625
819,1,820,-1367.65625
820,1,821,-1367.65625
821,1,822,-1367.65625
822,1,823,-1367.65625
823,1,824,-1367.65625
824,1,825,-1367.65625
825,1,826,-1367.65625
826,1,827,-1367.65625
827,1,828,-1367.65625
828,1,829,-1367.65625
829,1,830,-1367.65625
830,1,831,-1367.65625
831,1,832,-1375.66796875
832,1,833,-1375.66796875
833,1,834,-1375.66796875
834,1,835,-1375.66796875
835,1,836,-1375.66796875
836,1,837,-1383.703125
837,1,838,-1383.703125
838,1,839,-1383.703125
839,1,840,-1383.703125
840,1,841,-1383.703125
841,1,842,-1383.703125
842,1,843,-1391.76171875
843,1,844,-1391.76171875
844,1,845,-1391.76171875
845,1,846,-1391.76171875
846,1,847,-1391.76171875
847,1,848,-1391.76171875
848,1,849,-1391.76171875
849,1,850,-1391.76171875
850,1,851,-1391.76171875
851,1,852,-1391.76171875
852,1,853,-1391.76171875
853,1,854,-1391.76171875
854,1,855,-1394.890625
855,1,856,-1394.890625
856,1,857,-1394.890625
857,1,858,-1394.890625
858,1,859,-1394.890625
859,1,860,-1402.98046875
860,1,861,-1405.296875
861,1,862,-1405.296875
862,1,863,-1405.296875
863,1,864,-1405.296875
864,1,865,-1405.296875
865,1,866,-1405.296875
866,1,867,-1405.296875
867,1,868,-1405.296875
868,1,869,-1413.41796875
869,1,870,-1413.41796875
870,1,871,-1413.41796875
871,1,872,-1421.5625
872,1,873,-1421.5625
873,1,874,-1421.5625
874,1,875,-1421.5625
875,1,876,-1421.5625
876,1,877,-1421.5625
877,1,878,-1421.5625
878,1,879,-1421.5625
879,1,880,-1421.5625
880,1,881,-1421.5625
881,1,882,-1421.5625
882,1,883,-1421.5625
883,1,884,-1421.5625
884,1,885,-1421.5625
885,1,886,-1421.5625
886,1,887,-1421.5625
887,1,888,-1421.5625
888,1,889,-1424.73046875
889,1,890,-1427.921875
890,1,891,-1427.921875
891,1,892,-1430.26171875
892,1,893,-1432.90625
893,1,894,-1432.90625
894,1,895,-1435.26171875
895,1,896,-1435.26171875
896,1,897,-1435.26171875
897,1,898,-1435.26171875
898,1,899,-1435.26171875
899,1,900,-1435.26171875
900,1,901,-1435.26171875
901,1,902,-1435.26171875
902,1,903,-1435.26171875
903,1,904,-1435.26171875
904,1,905,-1435.26171875
905,1,906,-1435.26171875
906,1,907,-1435.26171875
907,1,908,-1437.921875
908,1,909,-1437.921875
909,1,910,-1441.10546875
910,1,911,-1441.10546875
911,1,912,-1444.3125
912,1,913,-1444.3125
913,1,914,-1444.3125
914,1,915,-1444.3125
915,1,916,-1444.3125
916,1,917,-1446.66796875
917,1,918,-1446.66796875
918,1,919,-1446.66796875
919,1,920,-1454.90625
920,1,921,-1463.16796875
921,1,922,-1463.16796875
922,1,923,-1471.453125
923,1,924,-1474.69921875
924,1,925,-1474.69921875
925,1,926,-1477.09375
926,1,927,-1477.09375
927,1,928,-1485.41796875
928,1,929,-1485.41796875
929,1,930,-1485.41796875
930,1,931,-1485.41796875
931,1,932,-1488.6875
932,1,933,-1497.04296875
933,1,934,-1505.421875
934,1,935,-1505.421875
935,1,936,-1513.82421875
936,1,937,-1513.82421875
937,1,938,-1522.25
938,1,939,-1522.25
939,1,940,-1522.25
940,1,941,-1530.69921875
941,1,942,-1530.69921875
942,1,943,-1530.69921875
943,1,944,-1530.69921875
944,1,945,-1539.171875
945,1,946,-1539.171875
946,1,947,-1539.171875
947,1,948,-1539.171875
948,1,949,-1539.171875
949,1,950,-1542.51171875
950,1,951,-1545.21875
951,1,952,-1545.21875
952,1,953,-1545.21875
953,1,954,-1545.21875
954,1,955,-1545.21875
955,1,956,-1545.21875
956,1,957,-1545.21875
957,1,958,-1545.21875
958,1,959,-1545.21875
959,1,960,-1545.21875
960,1,961,-1545.21875
961,1,962,-1545.21875
962,1,963,-1545.21875
963,1,964,-1545.21875
964,1,965,-1545.21875
965,1,966,-1545.21875
966,1,967,-1545.21875
967,1,968,-1545.21875
968,1,969,-1545.21875
969,1,970,-1545.21875
970,1,971,-1545.21875
971,1,972,-1545.21875
972,1,973,-1547.66796875
973,1,974,-1547.66796875
974,1,975,-1547.66796875
975,1,976,-1547.66796875
976,1,977,-1550.140625
977,1,978,-1550.140625
978,1,979,-1552.63671875
979,1,980,-1552.63671875
980,1,981,-1561.171875
981,1,982,-1561.171875
982,1,983,-1561.171875
983,1,984,-1561.171875
984,1,985,-1561.171875
985,1,986,-1563.88671875
986,1,987,-1563.88671875
987,1,988,-1563.88671875
988,1,989,-1563.88671875
989,1,990,-1563.88671875
990,1,991,-1563.88671875
991,1,992,-1566.40625
992,1,993,-1566.40625
993,1,994,-1566.40625
994,1,995,-1566.40625
995,1,996,-1566.40625
996,1,997,-1566.40625
997,1,998,-1566.40625
998,1,999,-1569.73046875
999,1,1000,-1569.73046875
1000,1,1001,-1569.73046875
1001,1,1002,-1569.73046875
1002,1,1003,-1569.73046875
1003,1,1004,-1569.73046875
1004,1,1005,-1569.73046875
1005,1,1006,-1569.73046875
1006,1,1007,-1569.73046875
1007,1,1008,-1572.453125
1008,1,1009,-1572.453125
1009,1,1010,-1572.453125
1010,1,1011,-1572.453125
1011,1,1012,-1572.453125
1012,1,1013,-1572.453125
1013,1,1014,-1572.453125
1014,1,1015,-1572.453125
1015,1,1016,-1575.19921875
1016,1,1017,-1575.19921875
1017,1,1018,-1583.796875
1018,1,1019,-1586.32421875
1019,1,1020,-1586.32421875
1020,1,1021,-1589.65625
1021,1,1022,-1589.65625
1022,1,1023,-1589.65625
1023,1,1024,-1593.01171875
1024,2,2,-1593.01171875
1025,2,4,-1593.01171875
1026,2,6,-1593.01171875
1027,2,8,-1593.01171875
1028,2,10,-1593.01171875
1029,2,12,-1593.01171875
1030,2,14,-1593.01171875
1031,2,16,-1593.01171875
1032,2,18,-1593.01171875
1033,2,20,-1593.01171875
1034,2,22,-1593.01171875
1035,2,24,-1593.01171875
1036,2,26,-1593.01171875
1037,2,28,-1593.01171875
1038,2,30,-1593.01171875
1039,2,32,-1593.01171875
1040,2,34,-1593.01171875
1041,2,36,-1593.01171875
1042,2,38,-1593.01171875
1043,2,40,-1593.01171875
1044,2,42,-1593.01171875
1045,2,44,-1593.01171875
1046,2,46,-1593.01171875
1047,2,48,-1593.01171875
1048,2,50,-1593.01171875
1049,2,52,-1593.01171875
1050,2,54,-1593.01171875
1051,2,56,-1593.01171875
1052,2,58,-1593.01171875
1053,2,60,-1593.01171875
1054,2,62,-1593.01171875
1055,2,64,-1593.01171875
1056,2,66,-1593.01171875
1057,2,68,-1593.01171875
1058,2,70,-1593.01171875
1059,2,72,-1593.01171875
1060,2,74,-1593.01171875
1061,2,76,-1593.01171875
1062,2,78,-1593.01171875
1063,2,80,-1593.01171875
1064,2,82,-1593.01171875
1065,2,84,-1593.01171875
1066,2,86,-1593.01171875
1067,2,88,-1593.01171875
1068,2,90,-1593.01171875
1069,2,92,-1593.01171875
1070,2,94,-1593.01171875
1071,2,96,-1593.01171875
1072,2,98,-1593.01171875
1073,2,100,-1593.01171875
1074,2,102,-1593.01171875
1075,2,104,-1593.01171875
1076,2,106,-1593.01171875
1077,2,108,-1593.01171875
1078,2,110,-1593.01171875
1079,2,112,-1593.01171875
1080,2,114,-1593.01171875
1081,2,116,-1593.01171875
1082,2,118,-1593.01171875
1083,2,120,-1593.01171875
1084,2,122,-1593.01171875
1085,2,124,-1593.01171875
1086,2,126,-1593.01171875
1087,2,128,-1593.01171875
1088,2,130,-1593.01171875
1089,2,132,-1593.01171875
1090,2,134,-1593.01171875
1091,2,136,-1593.01171875
1092,2,138,-1593.01171875
1093,2,140,-1593.01171875
1094,2,142,-1593.01171875
1095,2,144,-1593.01171875
1096,2,146,-1593.01171875
1097,2,148,-1593.01171875
1098,2,150,-1593.01171875
1099,2,152,-1593.01171875
1100,2,154,-1593.01171875
1101,2,156,-1593.01171875
1102,2,158,-1593.01171875
1103,2,160,-1593.01171875
1104,2,162,-1593.01171875
1105,2,164,-1593.01171875
1106,2,166,-1593.01171875
1107,2,168,-1593.01171875
1108,2,170,-1593.01171875
1109,2,172,-1593.01171875
1110,2,174,-1593.01171875
1111,2,176,-1593.01171875
1112,2,178,-1593.01171875
1113,2,180,-1593.01171875
1114,2,182,-1593.01171875
1115,2,184,-1593.01171875
1116,2,186,-1593.01171875
1117,2,188,-1593.01171875
1118,2,190,-1593.01171875
1119,2,192,-1593.01171875
1120,2,194,-1593.01171875
1121,2,196,-1593.01171875
1122,2,198,-1593.01171875
1123,2,200,-1593.01171875
1124,2,202,-1593.01171875
1125,2,204,-1593.01171875
1126,2,206,-1593.01171875
1127,2,208,-1593.01171875
1128,2,210,-1593.01171875
1129,2,212,-1593.01171875
1130,2,214,-1593.01171875
1131,2,216,-1593.01171875
1132,2,218,-1593.01171875
1133,2,220,-1593.01171875
1134,2,222,-1593.01171875
1135,2,224,-1593.01171875
1136,2,226,-1593.01171875
1137,2,228,-1593.01171875
1138,2,230,-1593.01171875
1139,2,232,-1593.01171875
1140,2,234,-1593.01171875
1141,2,236,-1593.01171875
1142,2,238,-1593.01171875
1143,2,240,-1593.01171875
1144,2,242,-1593.01171875
1145,2,244,-1593.01171875
1146,2,246,-1593.01171875
1147,2,248,-1593.01171875
1148,2,250,-1593.01171875
1149,2,252,-1593.01171875
1150,2,254,-1593.01171875
1151,2,256,-1593.01171875
1152,2,258,-1593.01171875
1153,2,260,-1593.01171875
1154,2,262,-1593.01171875
1155,2,264,-1593.01171875
1156,2,266,-1593.01171875
1157,2,268,-1593.01171875
1158,2,270,-1593.01171875
1159,2,272,-1593.01171875
1160,2,274,-1593.01171875
1161,2,276,-1593.01171875
1162,2,278,-1593.01171875
1163,2,280,-1593.01171875
1164,2,282,-1593.01171875
1165,2,284,-1593.01171875
1166,2,286,-1593.01171875
1167,2,288,-1593.01171875
1168,2,290,-1593.01171875
1169,2,292,-1593.01171875
1170,2,294,-1593.01171875
1171,2,296,-1593.01171875
1172,2,298,-1593.01171875
1173,2,300,-1593.01171875
1174,2,302,-1593.01171875
1175,2,304,-1593.01171875
1176,2,306,-1593.01171875
1177,2,308,-1593.01171875
1178,2,310,-1593.01171875
1179,2,312,-1593.01171875
1180,2,314,-1593.01171875
1181,2,316,-1593.01171875
1182,2,318,-1593.01171875
1183,2,320,-1593.01171875
1184,2,322,-1593.01171875
1185,2,324,-1593.01171875
1186,2,326,-1593.01171875
1187,2,328,-1593.01171875
1188,2,330,-1593.01171875
1189,2,332,-1593.01171875
1190,2,334,-1593.01171875
1191,2,336,-1593.01171875
1192,2,338,-1593.01171875
1193,2,340,-1593.01171875
1194,2,342,-1593.01171875
1195,2,344,-1593.01171875
1196,2,346,-1593.01171875
1197,2,348,-1593.01171875
1198,2,350,-1593.01171875
1199,2,352,-1593.01171875
1200,2,354,-1593.01171875
1201,2,356,-1593.01171875
1202,2,358,-1593.01171875
1203,2,360,-1593.01171875
1204,2,362,-1593.01171875
1205,2,364,-1593.01171875
1206,2,366,-1593.01171875
1207,2,368,-1593.01171875
1208,2,370,-1593.01171875
1209,2,372,-1593.01171875
1210,2,374,-1593.01171875
1211,2,376,-1593.01171875
1212,2,378,-1593.01171875
1213,2,380,-1593.01171875
1214,2,382,-1593.01171875
1215,2,384,-1593.01171875
1216,2,386,-1593.01171875
1217,2,388,-1593.01171875
1218,2,390,-1593.01171875
1219,2,392,-1593.01171875
1220,2,394,-1593.01171875
1221,2,396,-1593.01171875
1222,2,398,-1593.01171875
1223,2,400,-1593.01171875
1224,2,402,-1593.01171875
1225,2,404,-1593.01171875
1226,2,406,-1593.01171875
1227,2,408,-1593.01171875
1228,2,410,-1593.01171875
1229,2,412,-1593.01171875
1230,2,414,-1593.01171875
1231,2,416,-1593.01171875
1232,2,418,-1593.01171875
1233,2,420,-1593.01171875
1234,2,422,-1593.01171875
1235,2,424,-1593.01171875
1236,2,426,-1593.01171875
1237,2,428,-1593.01171875
1238,2,430,-1593.01171875
1239,2,432,-1593.01171875
1240,2,434,-1593.01171875
1241,2,436,-1593.01171875
1242,2,438,-1593.01171875
1243,2,440,-1593.01171875
1244,2,442,-1593.01171875
1245,2,444,-1593.01171875
1246,2,446,-1593.01171875
1247,2,448,-1593.01171875
1248,2,450,-1593.01171875
1249,2,452,-1593.01171875
1250,2,454,-1593.01171875
1251,2,456,-1593.01171875
1252,2,458,-1593.01171875
1253,2,460,-1593.01171875
1254,2,462,-1593.01171875
1255,2,464,-1593.01171875
1256,2,466,-1593.01171875
1257,2,468,-1593.01171875
1258,2,470,-1593.01171875
1259,2,472,-1593.01171875
1260,2,474,-1593.01171875
1261,2,476,-1593.01171875
1262,2,478,-1593.01171875
1263,2,480,-1593.01171875
1264,2,482,-1593.01171875
1265,2,484,-1593.01171875
1266,2,486,-1593.01171875
1267,2,488,-1593.01171875
1268,2,490,-1593.01171875
1269,2,492,-1593.01171875
1270,2,494,-1593.01171875
1271,2,496,-1593.01171875
1272,2,498,-1593.01171875
1273,2,500,-1593.01171875
1274,2,502,-1593.01171875
1275,2,504,-1593.01171875
1276,2,506,-1593.01171875
1277,2,508,-1593.01171875
1278,2,510,-1593.01171875
1279,2,512,-1593.01171875
1280,2,514,-1593.01171875
1281,2,516,-1593.01171875
1282,2,518,-1593.01171875
1283,2,520,-1593.01171875
1284,2,522,-1593.01171875
1285,2,524,-1593.01171875
1286,2,526,-1593.01171875
1287,2,528,-1593.01171875
1288,2,530,-1593.01171875
1289,2,532,-1593.01171875
1290,2,534,-1593.01171875
1291,2,536,-1593.01171875
1292,2,538,-1593.01171875
1293,2,540,-1593.01171875
1294,2,542,-1593.01171875
1295,2,544,-1593.01171875
1296,2,546,-1593.01171875
1297,2,548,-1593.01171875
1298,2,550,-1593.01171875
1299,2,552,-1593.01171875
1300,2,554,-1593.01171875
1301,2,556,-1593.01171875
1302,2,558,-1593.01171875
1303,2,560,-1593.01171875
1304,2,562,-1593.01171875
1305,2,564,-1593.01171875
1306,2,566,-1593.01171875
1307,2,568,-1593.01171875
1308,2,570,-1593.01171875
1309,2,572,-1593.01171875
1310,2,574,-1593.01171875
1311,2,576,-1593.01171875
1312,2,578,-1593.01171875
1313,2,580,-1593.01171875
1314,2,582,-1593.01171875
1315,2,584,-1593.01171875
1316,2,586,-1593.01171875
1317,2,588,-1593.01171875
1318,2,590,-1593.01171875
1319,2,592,-1593.01171875
1320,2,594,-1593.01171875
1321,2,596,-1593.01171875
1322,2,598,-1593.01171875
1323,2,600,-1593.01171875
1324,2,602,-1593.01171875
1325,2,604,-1593.01171875
1326,2,606,-1593.01171875
1327,2,608,-1593.01171875
1328,2,610,-1593.01171875
1329,2,612,-1593.01171875
1330,2,614,-1593.01171875
1331,2,616,-1593.01171875
1332,2,618,-1593.01171875
1333,2,620,-1593.01171875
1334,2,622,-1593.01171875
1335,2,624,-1593.01171875
1336,2,626,-1593.01171875
1337,2,628,-1593.01171875
1338,2,630,-1593.01171875
1339,2,632,-1593.01171875
1340,2,634,-1593.01171875
1341,2,636,-1593.01171875
1342,2,638,-1593.01171875
1343,2,640,-1593.01171875
1344,2,642,-1593.01171875
1345,2,644,-1593.01171875
1346,2,646,-1593.01171875
1347,2,648,-1593.01171875
1348,2,650,-1593.01171875
1349,2,652,-1593.01171875
1350,2,654,-1593.01171875
1351,2,656,-1593.01171875
1352,2,658,-1593.01171875
1353,2,660,-1593.01171875
1354,2,662,-1593.01171875
1355,2,664,-1593.01171875
1356,2,666,-1593.01171875
1357,2,668,-1593.01171875
1358,2,670,-1593.01171875
1359,2,672,-1593.01171875
1360,2,674,-1593.01171875
1361,2,676,-1593.01171875
1362,2,678,-1593.01171875
1363,2,680,-1593.01171875
1364,2,682,-1593.01171875
1365,2,684,-1593.01171875
1366,2,686,-1593.01171875
1367,2,688,-1593.01171875
1368,2,690,-1593.01171875
1369,2,692,-1593.01171875
1370,2,694,-1593.01171875
1371,2,696,-1593.01171875
1372,2,698,-1593.01171875
1373,2,700,-1593.01171875
1374,2,702,-1593.01171875
1375,2,704,-1593.01171875
1376,2,706,-1593.01171875
1377,2,708,-1593.01171875
1378,2,710,-1593.01171875
1379,2,712,-1593.01171875
1380,2,714,-1593.01171875
1381,2,716,-1593.01171875
1382,2,718,-1593.01171875
1383,2,720,-1593.01171875
1384,2,722,-1593.01171875
1385,2,724,-1593.01171875
1386,2,726,-1593.01171875
1387,2,728,-1593.01171875
1388,2,730,-1593.01171875
1389,2,732,-1593.01171875
1390,2,734,-1593.01171875
1391,2,736,-1593.01171875
1392,2,738,-1593.01171875
1393,2,740,-1593.01171875
1394,2,742,-1593.01171875
1395,2,744,-1593.01171875
1396,2,746,-1593.01171875
1397,2,748,-1593.01171875
1398,2,750,-1593.01171875
1399,2,752,-1593.01171875
1400,2,754,-1593.01171875
1401,2,756,-1593.01171875
1402,2,758,-1593.01171875
1403,2,760,-1593.01171875
1404,2,762,-1593.01171875
1405,2,764,-1593.01171875
1406,2,766,-1593.01171875
1407,2,768,-1593.01171875
1408,2,770,-1593.01171875
1409,2,772,-1593.01171875
1410,2,774,-1593.01171875
1411,2,776,-1593.01171875
1412,2,778,-1593.01171875
1413,2,780,-1593.01171875
1414,2,782,-1593.01171875
1415,2,784,-1593.01171875
1416,2,786,-1593.01171875
1417,2,788,-1593.01171875
1418,2,790,-1593.01171875
1419,2,792,-1593.01171875
1420,2,794,-1593.01171875
1421,2,796,-1593.01171875
1422,2,798,-1593.01171875
1423,2,800,-1593.01171875
1424,2,802,-1593.01171875
1425,2,804,-1593.01171875
1426,2,806,-1593.01171875
1427,2,808,-1593.01171875
1428,2,810,-1593.01171875
1429,2,812,-1593.01171875
1430,2,814,-1593.01171875
1431,2,816,-1593.01171875
1432,2,818,-1593.01171875
1433,2,820,-1593.01171875
1434,2,822,-1593.01171875
1435,2,824,-1593.01171875
1436,2,826,-1593.01171875
1437,2,828,-1593.01171875
1438,2,830,-1593.01171875
1439,2,832,-1593.01171875
1440,2,834,-1593.01171875
1441,2,836,-1593.01171875
1442,2,838,-1593.01171875
1443,2,840,-1593.01171875
1444,2,842,-1593.01171875
1445,2,844,-1593.01171875
1446,2,846,-1593.01171875
1447,2,848,-1593.01171875
1448,2,850,-1593.01171875
1449,2,852,-1593.01171875
1450,2,854,-1593.01171875
1451,2,856,-1593.01171875
1452,2,858,-1593.01171875
1453,2,860,-1593.01171875
1454,2,862,-1593.01171875
1455,2,864,-1593.01171875
1456,2,866,-1593.01171875
1457,2,868,-1593.01171875
1458,2,870,-1593.01171875
1459,2,872,-1593.01171875
1460,2,874,-1593.01171875
1461,2,876,-1593.01171875
1462,2,878,-1593.01171875
1463,2,880,-1593.01171875
1464,2,882,-1593.01171875
1465,2,884,-1593.01171875
1466,2,886,-1593.01171875
1467,2,888,-1593.01171875
1468,2,890,-1593.01171875
1469,2,892,-1593.01171875
1470,2,894,-1593.01171875
1471,2,896,-1593.01171875
1472,2,898,-1593.01171875
1473,2,900,-1593.01171875
1474,2,902,-1593.01171875
1475,2,904,-1593.01171875
1476,2,906,-1593.01171875
1477,2,908,-1593.01171875
1478,2,910,-1593.01171875
1479,2,912,-1593.01171875
1480,2,914,-1593.01171875
1481,2,916,-1593.01171875
1482,2,918,-1593.01171875
1483,2,920,-1593.01171875
1484,2,922,-1593.01171875
1485,2,924,-1593.01171875
1486,2,926,-1593.01171875
1487,2,928,-1593.01171875
1488,2,930,-1593.01171875
1489,2,932,-1593.01171875
1490,2,934,-1593.01171875
1491,2,936,-1593.01171875
1492,2,938,-1593.01171875
1493,2,940,-1593.01171875
1494,2,942,-1593.01171875
1495,2,944,-1593.01171875
1496,2,946,-1593.01171875
1497,2,948,-1593.01171875
1498,2,950,-1593.01171875
1499,2,952,-1593.01171875
1500,2,954,-1593.01171875
1501,2,956,-1593.01171875
1502,2,958,-1593.01171875
1503,2,960,-1593.01171875
1504,2,962,-1593.01171875
1505,2,964,-1593.01171875
1506,2,966,-1593.01171875
1507,2,968,-1593.01171875
1508,2,970,-1593.01171875
1509,2,972,-1593.01171875
1510,2,974,-1593.01171875
1511,2,976,-1593.01171875
1512,2,978,-1593.01171875
1513,2,980,-1593.01171875
1514,2,982,-1593.01171875
1515,2,984,-1593.01171875
1516,2,986,-1593.01171875
1517,2,988,-1593.01171875
1518,2,990,-1593.01171875
1519,2,992,-1593.01171875
1520,2,994,-1593.01171875
1521,2,996,-1593.01171875
1522,2,998,-1593.01171875
1523,2,1000,-1593.01171875
1524,2,1002,-1593.01171875
1525,2,1004,-1593.01171875
1526,2,1006,-1593.01171875
1527,2,1008,-1593.01171875
1528,2,1010,-1593.01171875
1529,2,1012,-1593.01171875
1530,2,1014,-1593.01171875
1531,2,1016,-1593.01171875
1532,2,1018,-1593.01171875
1533,2,1020,-1593.01171875
1534,2,1022,-1593.01171875
1535,2,1024,-1593.01171875
1536,2,1026,-1593.01171875
1537,2,1028,-1593.01171875
1538,2,1030,-1593.01171875
1539,2,1032,-1593.01171875
1540,2,1034,-1593.01171875
1541,2,1036,-1593.01171875
1542,2,1038,-1593.01171875
1543,2,1040,-1593.01171875
1544,2,1042,-1593.01171875
1545,2,1044,-1593.01171875
1546,2,1046,-1593.01171875
1547,2,1048,-1593.01171875
1548,2,1050,-1593.01171875
1549,2,1052,-1593.01171875
1550,2,1054,-1593.01171875
1551,2,1056,-1593.01171875
1552,2,1058,-1593.01171875
1553,2,1060,-1593.01171875
1554,2,1062,-1593.01171875
1555,2,1064,-1593.01171875
1556,2,1066,-1593.01171875
1557,2,1068,-1593.01171875
1558,2,1070,-1593.01171875
1559,2,1072,-1593.01171875
1560,2,1074,-1593.01171875
1561,2,1076,-1593.01171875
1562,2,1078,-1593.01171875
1563,2,1080,-1593.01171875
1564,2,1082,-1593.01171875
1565,2,1084,-1593.01171875
1566,2,1086,-1593.01171875
1567,2,1088,-1593.01171875
1568,2,1090,-1593.01171875
1569,2,1092,-1593.01171875
1570,2,1094,-1593.01171875
1571,2,1096,-1593.01171875
1572,2,1098,-1593.01171875
1573,2,1100,-1593.01171875
1574,2,1102,-1593.01171875
1575,2,1104,-1593.01171875
1576,2,1106,-1593.01171875
1577,2,1108,-1593.01171875
1578,2,1110,-1593.01171875
1579,2,1112,-1593.01171875
1580,2,1114,-1593.01171875
1581,2,1116,-1593.01171875
1582,2,1118,-1593.01171875
1583,2,1120,-1593.01171875
1584,2,1122,-1593.01171875
1585,2,1124,-1593.01171875
1586,2,1126,-1593.01171875
1587,2,1128,-1593.01171875
1588,2,1130,-1593.01171875
1589,2,1132,-1593.01171875
1590,2,1134,-1593.01171875
1591,2,1136,-1593.01171875
1592,2,1138,-1593.01171875
1593,2,1140,-1593.01171875
1594,2,1142,-1593.01171875
1595,2,1144,-1593.01171875
1596,2,1146,-1593.01171875
1597,2,1148,-1593.01171875
1598,2,1150,-1593.01171875
1599,2,1152,-1593.01171875
1600,2,1154,-1593.01171875
1601,2,1156,-1593.01171875
1602,2,1158,-1593.01171875
1603,2,1160,-1593.01171875
1604,2,1162,-1593.01171875
1605,2,1164,-1593.01171875
1606,2,1166,-1593.01171875
1607,2,1168,-1593.01171875
1608,2,1170,-1593.01171875
1609,2,1172,-1593.01171875
1610,2,1174,-1593.01171875
1611,2,1176,-1593.01171875
1612,2,1178,-1593.01171875
1613,2,1180,-1593.01171875
1614,2,1182,-1593.01171875
1615,2,1184,-1593.01171875
1616,2,1186,-1593.01171875
1617,2,1188,-1593.01171875
1618,2,1190,-1593.01171875
1619,2,1192,-1593.01171875
1620,2,1194,-1593.01171875
1621,2,1196,-1593.01171875
1622,2,1198,-1593.01171875
1623,2,1200,-1593.01171875
1624,2,1202,-1593.01171875
1625,2,1204,-1593.01171875
1626,2,1206,-1593.01171875
1627,2,1208,-1593.01171875
1628,2,1210,-1593.01171875
1629,2,1212,-1593.01171875
1630,2,1214,-1593.01171875
1631,2,1216,-1593.01171875
1632,2,1218,-1593.01171875
1633,2,1220,-1593.01171875
1634,2,1222,-1593.01171875
1635,2,1224,-1593.01171875
1636,2,1226,-1593.01171875
1637,2,1228,-1593.01171875
1638,2,1230,-1593.01171875
1639,2,1232,-1593.01171875
1640,2,1234,-1593.01171875
1641,2,1236,-1593.01171875
1642,2,1238,-1593.01171875
1643,2,1240,-1593.01171875
1644,2,1242,-1593.01171875
1645,2,1244,-1593.01171875
1646,2,1246,-1593.01171875
1647,2,1248,-1593.01171875
1648,2,1250,-1593.01171875
1649,2,1252,-1593.01171875
1650,2,1254,-1593.01171875
1651,2,1256,-1593.01171875
1652,2,1258,-1593.01171875
1653,2,1260,-1593.01171875
1654,2,1262,-1593.01171875
1655,2,1264,-1593.01171875
1656,2,1266,-1593.01171875
1657,2,1268,-1593.01171875
1658,2,1270,-1593.01171875
1659,2,1272,-1593.01171875
1660,2,1274,-1593.01171875
1661,2,1276,-1593.01171875
1662,2,1278,-1593.01171875
1663,2,1280,-1593.01171875
1664,2,1282,-1593.01171875
1665,2,1284,-1593.01171875
1666,2,1286,-1593.01171875
1667,2,1288,-1593.01171875
1668,2,1290,-1593.01171875
1669,2,1292,-1593.01171875
1670,2,1294,-1593.01171875
1671,2,1296,-1593.01171875
1672,2,1298,-1593.01171875
1673,2,1300,-1593.01171875
1674,2,1302,-1593.01171875
1675,2,1304,-1593.01171875
1676,2,1306,-1593.01171875
1677,2,1308,-1593.01171875
1678,2,1310,-1593.01171875
1679,2,1312,-1593.01171875
1680,2,1314,-1593.01171875
1681,2,1316,-1593.01171875
1682,2,1318,-1593.01171875
1683,2,1320,-1593.01171875
1684,2,1322,-1593.01171875
1685,2,1324,-1593.01171875
1686,2,1326,-1593.01171875
1687,2,1328,-1593.01171875
1688,2,1330,-1593.01171875
1689,2,1332,-1593.01171875
1690,2,1334,-1593.01171875
1691,2,1336,-1593.01171875
1692,2,1338,-1593.01171875
1693,2,1340,-1593.01171875
1694,2,1342,-1593.01171875
1695,2,1344,-1593.01171875
1696,2,1346,-1593.01171875
1697,2,1348,-1593.01171875
1698,2,1350,-1593.01171875
1699,2,1352,-1593.01171875
1700,2,1354,-1593.01171875
1701,2,1356,-1593.01171875
1702,2,1358,-1593.01171875
1703,2,1360,-1593.01171875
1704,2,1362,-1593.01171875
1705,2,1364,-1593.01171875
1706,2,1366,-1593.01171875
1707,2,1368,-1593.01171875
1708,2,1370,-1593.01171875
1709,2,1372,-1593.01171875
1710,2,1374,-1593.01171875
1711,2,1376,-1593.01171875
1712,2,1378,-1593.01171875
1713,2,1380,-1593.01171875
1714,2,1382,-1593.01171875
1715,2,1384,-1593.01171875
1716,2,1386,-1593.01171875
1717,2,1388,-1593.01171875
1718,2,1390,-1593.01171875
1719,2,1392,-1593.01171875
1720,2,1394,-1593.01171875
1721,2,1396,-1593.01171875
1722,2,1398,-1593.01171875
1723,2,1400,-1593.01171875
1724,2,1402,-1593.01171875
1725,2,1404,-1593.01171875
1726,2,1406,-1593.01171875
1727,2,1408,-1593.01171875
1728,2,1410,-1593.01171875
1729,2,1412,-1593.01171875
1730,2,1414,-1593.01171875
1731,2,1416,-1593.01171875
1732,2,1418,-1593.01171875
1733,2,1420,-1593.01171875
1734,2,1422,-1593.01171875
1735,2,1424,-1593.01171875
1736,2,1426,-1593.01171875
1737,2,1428,-1593.01171875
1738,2,1430,-1593.01171875
1739,2,1432,-1593.01171875
1740,2,1434,-1593.01171875
1741,2,1436,-1593.01171875
1742,2,1438,-1593.01171875
1743,2,1440,-1593.01171875
1744,2,1442,-1593.01171875
1745,2,1444,-1593.01171875
1746,2,1446,-1593.01171875
1747,2,1448,-1593.01171875
1748,2,1450,-1593.01171875
1749,2,1452,-1593.01171875
1750,2,1454,-1593.01171875
1751,2,1456,-1593.01171875
1752,2,1458,-1593.01171875
1753,2,1460,-1593.01171875
1754,2,1462,-1593.01171875
1755,2,1464,-1593.01171875
1756,2,1466,-1593.01171875
1757,2,1468,-1593.01171875
1758,2,1470,-1593.01171875
1759,2,1472,-1593.01171875
1760,2,1474,-1593.01171875
1761,2,1476,-1593.01171875
1762,2,1478,-1593.01171875
1763,2,1480,-1593.01171875
1764,2,1482,-1593.01171875
1765,2,1484,-1593.01171875
1766,2,1486,-1593.01171875
1767,2,1488,-1593.01171875
1768,2,1490,-1593.01171875
1769,2,1492,-1593.01171875
1770,2,1494,-1593.01171875
1771,2,1496,-1593.01171875
1772,2,1498,-1593.01171875
1773,2,1500,-1593.01171875
1774,2,1502,-1593.01171875
1775,2,1504,-1593.01171875
1776,2,1506,-1593.01171875
1777,2,1508,-1593.01171875
1778,2,1510,-1593.01171875
1779,2,1512,-1593.01171875
1780,2,1514,-1593.01171875
1781,2,1516,-1593.01171875
1782,2,1518,-1593.01171875
1783,2,1520,-1593.01171875
1784,2,1522,-1593.01171875
1785,2,1524,-1593.01171875
1786,2,1526,-1593.01171875
1787,2,1528,-1593.01171875
1788,2,1530,-1593.01171875
1789,2,1532,-1593.01171875
1790,2,1534,-1593.01171875
1791,2,1536,-1593.01171875
1792,2,1538,-1593.01171875
1793,2,1540,-1593.01171875
1794,2,1542,-1593.01171875
1795,2,1544,-1593.01171875
1796,2,1546,-1593.01171875
1797,2,1548,-1593.01171875
1798,2,1550,-1593.01171875
1799,2,1552,-1593.01171875
1800,2,1554,-1593.01171875
1801,2,1556,-1593.01171875
1802,2,1558,-1593.01171875
1803,2,1560,-1593.01171875
1804,2,1562,-1593.01171875
1805,2,1564,-1593.01171875
1806,2,1566,-1593.01171875
1807,2,1568,-1593.01171875
1808,2,1570,-1593.01171875
1809,2,1572,-1593.01171875
1810,2,1574,-1593.01171875
1811,2,1576,-1593.01171875
1812,2,1578,-1593.01171875
1813,2,1580,-1593.01171875
1814,2,1582,-1593.01171875
1815,2,1584,-1593.01171875
1816,2,1586,-1593.01171875
1817,2,1588,-1593.01171875
1818,2,1590,-1593.01171875
1819,2,1592,-1593.01171875
1820,2,1594,-1593.01171875
1821,2,1596,-1593.01171875
1822,2,1598,-1593.01171875
1823,2,1600,-1593.01171875
1824,2,1602,-1593.01171875
1825,2,1604,-1593.01171875
1826,2,1606,-1593.01171875
1827,2,1608,-1593.01171875
1828,2,1610,-1593.01171875
1829,2,1612,-1593.01171875
1830,2,1614,-1593.01171875
1831,2,1616,-1593.01171875
1832,2,1618,-1593.01171875
1833,2,1620,-1593.01171875
1834,2,1622,-1593.01171875
1835,2,1624,-1593.01171875
1836,2,1626,-1593.01171875
1837,2,1628,-1593.01171875
1838,2,1630,-1593.01171875
1839,2,1632,-1593.01171875
1840,2,1634,-1593.01171875
1841,2,1636,-1593.01171875
1842,2,1638,-1593.01171875
1843,2,1640,-1593.01171875
1844,2,1642,-1593.01171875
1845,2,1644,-1593.01171875
1846,2,1646,-1593.01171875
1847,2,1648,-1593.01171875
1848,2,1650,-1593.01171875
1849,2,1652,-1593.01171875
1850,2,1654,-1593.01171875
1851,2,1656,-1593.01171875
1852,2,1658,-1593.01171875
1853,2,1660,-1593.01171875
1854,2,1662,-1593.01171875
1855,2,1664,-1593.01171875
1856,2,1666,-1593.01171875
1857,2,1668,-1593.01171875
1858,2,1670,-1593.01171875
1859,2,1672,-1593.01171875
1860,2,1674,-1593.01171875
1861,2,1676,-1593.01171875
1862,2,1678,-1593.01171875
1863,2,1680,-1593.01171875
1864,2,1682,-1593.01171875
1865,2,1684,-1593.01171875
1866,2,1686,-1593.01171875
1867,2,1688,-1593.01171875
1868,2,1690,-1593.01171875
1869,2,1692,-1593.01171875
1870,2,1694,-1593.01171875
1871,2,1696,-1593.01171875
1872,2,1698,-1593.01171875
1873,2,1700,-1593.01171875
1874,2,1702,-1593.01171875
1875,2,1704,-1593.01171875
1876,2,1706,-1593.01171875
1877,2,1708,-1593.01171875
1878,2,1710,-1593.01171875
1879,2,1712,-1593.01171875
1880,2,1714,-1593.01171875
1881,2,1716,-1593.01171875
1882,2,1718,-1593.01171875
1883,2,1720,-1593.01171875
1884,2,1722,-1593.01171875
1885,2,1724,-1593.01171875
1886,2,1726,-1593.01171875
1887,2,1728,-1593.01171875
1888,2,1730,-1593.01171875
1889,2,1732,-1593.01171875
1890,2,1734,-1593.01171875
1891,2,1736,-1593.01171875
1892,2,1738,-1593.01171875
1893,2,1740,-1593.01171875
1894,2,1742,-1593.01171875
1895,2,1744,-1593.01171875
1896,2,1746,-1593.01171875
1897,2,1748,-1593.01171875
1898,2,1750,-1593.01171875
1899,2,1752,-1593.01171875
1900,2,1754,-1593.01171875
1901,2,1756,-1593.01171875
1902,2,1758,-1593.01171875
1903,2,1760,-1593.01171875
1904,2,1762,-1593.01171875
1905,2,1764,-1593.01171875
1906,2,1766,-1593.01171875
1907,2,1768,-1593.01171875
1908,2,1770,-1593.01171875
1909,2,1772,-1593.01171875
1910,2,1774,-1593.01171875
1911,2,1776,-1593.01171875
1912,2,1778,-1593.01171875
1913,2,1780,-1593.01171875
1914,2,1782,-1593.01171875
1915,2,1784,-1593.01171875
1916,2,1786,-1593.01171875
1917,2,1788,-1593.01171875
1918,2,1790,-1593.01171875
1919,2,1792,-1593.01171875
1920,2,1794,-1593.01171875
1921,2,1796,-1593.01171875
1922,2,1798,-1593.01171875
1923,2,1800,-1593.01171875
1924,2,1802,-1593.01171875
1925,2,1804,-1593.01171875
1926,2,1806,-1593.01171875
1927,2,1808,-1593.01171875
1928,2,1810,-1593.01171875
1929,2,1812,-1593.01171875
1930,2,1814,-1593.01171875
1931,2,1816,-1593.01171875
1932,2,1818,-1593.01171875
1933,2,1820,-1593.01171875
1934,2,1822,-1593.01171875
1935,2,1824,-1593.01171875
1936,2,1826,-1593.01171875
1937,2,1828,-1593.01171875
1938,2,1830,-1593.01171875
1939,2,1832,-1593.01171875
1940,2,1834,-1593.01171875
1941,2,1836,-1593.01171875
1942,2,1838,-1593.01171875
1943,2,1840,-1593.01171875
1944,2,1842,-1593.01171875
1945,2,1844,-1593.01171875
1946,2,1846,-1593.01171875
1947,2,1848,-1593.01171875
1948,2,1850,-1593.01171875
1949,2,1852,-1593.01171875
1950,2,1854,-1593.01171875
1951,2,1856,-1593.01171875
1952,2,1858,-1593.01171875
1953,2,1860,-1593.01171875
1954,2,1862,-1593.01171875
1955,2,1864,-1593.01171875
1956,2,1866,-1593.01171875
1957,2,1868,-1593.01171875
1958,2,1870,-1593.01171875
1959,2,1872,-1593.01171875
1960,2,1874,-1593.01171875
1961,2,1876,-1593.01171875
1962,2,1878,-1593.01171875
1963,2,1880,-1593.01171875
1964,2,1882,-1593.01171875
1965,2,1884,-1593.01171875
1966,2,1886,-1593.01171875
1967,2,1888,-1593.01171875
1968,2,1890,-1593.01171875
1969,2,1892,-1593.01171875
1970,2,1894,-1593.01171875
1971,2,1896,-1593.01171875
1972,2,1898,-1593.01171875
1973,2,1900,-1593.01171875
1974,2,1902,-1593.01171875
1975,2,1904,-1593.01171875
1976,2,1906,-1593.01171875
1977,2,1908,-1593.01171875
1978,2,1910,-1593.01171875
1979,2,1912,-1593.01171875
1980,2,1914,-1593.01171875
1981,2,1916,-1593.01171875
1982,2,1918,-1593.01171875
1983,2,1920,-1593.01171875
1984,2,1922,-1593.01171875
1985,2,1924,-1593.01171875
1986,2,1926,-1593.01171875
1987,2,1928,-1593.01171875
1988,2,1930,-1593.01171875
1989,2,1932,-1593.01171875
1990,2,1934,-1593.01171875
1991,2,1936,-1593.01171875
1992,2,1938,-1593.01171875
1993,2,1940,-1593.01171875
1994,2,1942,-1593.01171875
1995,2,1944,-1593.01171875
1996,2,1946,-1593.01171875
1997,2,1948,-1593.01171875
1998,2,1950,-1593.01171875
1999,2,1952,-1593.01171875
2000,2,1954,-1593.01171875
2001,2,1956,-1593.01171875
2002,2,1958,-1593.01171875
2003,2,1960,-1593.01171875
2004,2,1962,-1593.01171875
2005,2,1964,-1593.01171875
2006,2,1966,-1593.01171875
2007,2,1968,-1593.01171875
2008,2,1970,-1593.01171875
2009,2,1972,-1593.01171875
2010,2,1974,-1593.01171875
2011,2,1976,-1593.01171875
2012,2,1978,-1593.01171875
2013,2,1980,-1593.01171875
2014,2,1982,-1593.01171875
2015,2,1984,-1593.01171875
2016,2,1986,-1593.01171875
2017,2,1988,-1593.01171875
2018,2,1990,-1593.01171875
2019,2,1992,-1593.01171875
2020,2,1994,-1593.01171875
2021,2,1996,-1593.01171875
2022,2,1998,-1593.01171875
2023,2,2000,-1593.01171875
2024,2,2002,-1593.01171875
2025,2,2004,-1593.01171875
2026,2,2006,-1593.01171875
2027,2,2008,-1593.01171875
2028,2,2010,-1593.01171875
2029,2,2012,-1593.01171875
2030,2,2014,-1593.01171875
2031,2,2016,-1593.01171875
2032,2,2018,-1593.01171875
2033,2,2020,-1593.01171875
2034,2,2022,-1593.01171875
2035,2,2024,-1593.01171875
2036,2,2026,-1593.01171875
2037,2,2028,-1593.01171875
2038,2,2030,-1593.01171875
2039,2,2032,-1593.01171875
2040,2,2034,-1593.01171875
2041,2,2036,-1593.01171875
2042,2,2038,-1593.01171875
2043,2,2040,-1593.01171875
2044,2,2042,-1593.01171875
2045,2,2044,-1593.01171875
2046,2,2046,-1593.01171875
2047,2,2048,-1593.01171875
