,num_iterations,updates,energy
0,1,1,-682.73046875
1,1,2,-682.73046875
2,1,3,-682.73046875
3,1,4,-688.3125
4,1,5,-688.3125
5,1,6,-691.16796875
6,1,7,-691.16796875
7,1,8,-691.16796875
8,1,9,-696.78125
9,1,10,-698.01171875
10,1,11,-698.01171875
11,1,12,-698.01171875
12,1,13,-699.265625
13,1,14,-699.265625
14,1,15,-699.265625
15,1,16,-699.265625
16,1,17,-700.79296875
17,1,18,-700.79296875
18,1,19,-700.79296875
19,1,20,-700.79296875
20,1,21,-700.79296875
21,1,22,-700.79296875
22,1,23,-700.79296875
23,1,24,-700.79296875
24,1,25,-700.79296875
25,1,26,-700.79296875
26,1,27,-700.79296875
27,1,28,-700.79296875
28,1,29,-700.79296875
29,1,30,-700.79296875
30,1,31,-700.79296875
31,1,32,-700.79296875
32,1,33,-700.79296875
33,1,34,-700.79296875
34,1,35,-700.79296875
35,1,36,-700.79296875
36,1,37,-702.0625
37,1,38,-707.73046875
38,1,39,-707.73046875
39,1,40,-707.73046875
40,1,41,-707.73046875
41,1,42,-707.73046875
42,1,43,-707.73046875
43,1,44,-713.421875
44,1,45,-714.98046875
45,1,46,-714.98046875
46,1,47,-714.98046875
47,1,48,-714.98046875
48,1,49,-714.98046875
49,1,50,-714.98046875
50,1,51,-716.28125
51,1,52,-716.28125
52,1,53,-716.28125
53,1,54,-717.60546875
54,1,55,-717.60546875
55,1,56,-717.60546875
56,1,57,-717.60546875
57,1,58,-717.60546875
58,1,59,-717.60546875
59,1,60,-723.34375
60,1,61,-723.34375
61,1,62,-723.34375
62,1,63,-723.34375
63,1,64,-723.34375
64,1,65,-723.34375
65,1,66,-723.34375
66,1,67,-729.10546875
67,1,68,-729.10546875
68,1,69,-729.10546875
69,1,70,-730.6875
70,1,71,-732.29296875
71,1,72,-732.29296875
72,1,73,-732.29296875
73,1,74,-732.29296875
74,1,75,-732.29296875
75,1,76,-732.29296875
76,1,77,-732.29296875
77,1,78,-732.29296875
78,1,79,-732.29296875
79,1,80,-732.29296875
80,1,81,-732.29296875
81,1,82,-732.29296875
82,1,83,-732.29296875
83,1,84,-732.29296875
84,1,85,-732.29296875
85,1,86,-732.29296875
86,1,87,-732.29296875
87,1,88,-732.29296875
88,1,89,-732.29296875
89,1,90,-732.29296875
90,1,91,-732.29296875
91,1,92,-732.29296875
92,1,93,-732.29296875
93,1,94,-732.29296875
94,1,95,-732.29296875
95,1,96,-733.921875
96,1,97,-733.921875
97,1,98,-735.26171875
98,1,99,-735.26171875
99,1,100,-735.26171875
100,1,101,-735.26171875
101,1,102,-735.26171875
102,1,103,-736.90625
103,1,104,-738.26171875
104,1,105,-738.26171875
105,1,106,-738.26171875
106,1,107,-738.26171875
107,1,108,-738.26171875
108,1,109,-738.26171875
109,1,110,-738.26171875
110,1,111,-738.26171875
111,1,112,-739.921875
112,1,113,-739.921875
113,1,114,-739.921875
114,1,115,-739.921875
115,1,116,-739.921875
116,1,117,-739.921875
117,1,118,-739.921875
118,1,119,-739.921875
119,1,120,-739.921875
120,1,121,-739.921875
121,1,122,-742.73046875
122,1,123,-742.73046875
123,1,124,-742.73046875
124,1,125,-742.73046875
125,1,126,-744.09375
126,1,127,-744.09375
127,1,128,-749.94921875
128,1,129,-751.34375
129,1,130,-751.34375
130,1,131,-751.34375
131,1,132,-753.01171875
132,1,133,-753.01171875
133,1,134,-754.421875
134,1,135,-754.421875
135,1,136,-754.421875
136,1,137,-754.421875
137,1,138,-756.10546875
138,1,139,-762.015625
139,1,140,-762.015625
140,1,141,-762.015625
141,1,142,-767.94921875
142,1,143,-767.94921875
143,1,144,-767.94921875
144,1,145,-767.94921875
145,1,146,-767.94921875
146,1,147,-767.94921875
147,1,148,-769.390625
148,1,149,-775.35546875
149,1,150,-778.171875
150,1,151,-778.171875
151,1,152,-778.171875
152,1,153,-778.171875
153,1,154,-778.171875
154,1,155,-778.171875
155,1,156,-784.16796875
156,1,157,-784.16796875
157,1,158,-785.640625
158,1,159,-785.640625
159,1,160,-785.640625
160,1,161,-785.640625
161,1,162,-785.640625
162,1,163,-785.640625
163,1,164,-785.640625
164,1,165,-785.640625
165,1,166,-785.640625
166,1,167,-785.640625
167,1,168,-785.640625
168,1,169,-785.640625
169,1,170,-785.640625
170,1,171,-785.640625
171,1,172,-785.640625
172,1,173,-785.640625
173,1,174,-785.640625
174,1,175,-785.640625
175,1,176,-785.640625
176,1,177,-787.13671875
177,1,178,-787.13671875
178,1,179,-789.96875
179,1,180,-789.96875
180,1,181,-789.96875
181,1,182,-789.96875
182,1,183,-789.96875
183,1,184,-789.96875
184,1,185,-789.96875
185,1,186,-792.82421875
186,1,187,-792.82421875
187,1,188,-792.82421875
188,1,189,-792.82421875
189,1,190,-792.82421875
190,1,191,-795.703125
191,1,192,-795.703125
192,1,193,-795.703125
193,1,194,-795.703125
194,1,195,-795.703125
195,1,196,-795.703125
196,1,197,-795.703125
197,1,198,-795.703125
198,1,199,-795.703125
199,1,200,-797.38671875
200,1,201,-797.38671875
201,1,202,-800.28125
202,1,203,-800.28125
203,1,204,-800.28125
204,1,205,-800.28125
205,1,206,-800.28125
206,1,207,-806.35546875
207,1,208,-806.35546875
208,1,209,-806.35546875
209,1,210,-806.35546875
210,1,211,-806.35546875
211,1,212,-806.35546875
212,1,213,-806.35546875
213,1,214,-807.84375
214,1,215,-807.84375
215,1,216,-807.84375
216,1,217,-807.84375
217,1,218,-807.84375
218,1,219,-807.84375
219,1,220,-807.84375
220,1,221,-807.84375
221,1,222,-807.84375
222,1,223,-807.84375
223,1,224,-809.35546875
224,1,225,-815.46875
225,1,226,-815.46875
226,1,227,-815.46875
227,1,228,-815.46875
228,1,229,-815.46875
229,1,230,-815.46875
230,1,231,-815.46875
231,1,232,-815.46875
232,1,233,-815.46875
233,1,234,-821.60546875
234,1,235,-821.60546875
235,1,236,-821.60546875
236,1,237,-821.60546875
237,1,238,-821.60546875
238,1,239,-821.60546875
239,1,240,-821.60546875
240,1,241,-821.60546875
241,1,242,-821.60546875
242,1,243,-827.765625
243,1,244,-827.765625
244,1,245,-827.765625
245,1,246,-827.765625
246,1,247,-827.765625
247,1,248,-829.32421875
248,1,249,-835.515625
249,1,250,-835.515625
250,1,251,-835.515625
251,1,252,-835.515625
252,1,253,-835.515625
253,1,254,-835.515625
254,1,255,-835.515625
255,1,256,-835.515625
256,1,257,-837.23046875
257,1,258,-837.23046875
258,1,259,-838.8125
259,1,260,-838.8125
260,1,261,-838.8125
261,1,262,-838.8125
262,1,263,-841.73046875
263,1,264,-841.73046875
264,1,265,-841.73046875
265,1,266,-841.73046875
266,1,267,-841.73046875
267,1,268,-841.73046875
268,1,269,-847.96875
269,1,270,-847.96875
270,1,271,-847.96875
271,1,272,-847.96875
272,1,273,-847.96875
273,1,274,-847.96875
274,1,275,-847.96875
275,1,276,-847.96875
276,1,277,-847.96875
277,1,278,-847.96875
278,1,279,-847.96875
279,1,280,-854.23046875
280,1,281,-855.84375
281,1,282,-855.84375
282,1,283,-855.84375
283,1,284,-858.79296875
284,1,285,-865.09375
285,1,286,-866.82421875
286,1,287,-866.82421875
287,1,288,-866.82421875
288,1,289,-866.82421875
289,1,290,-866.82421875
290,1,291,-866.82421875
291,1,292,-866.82421875
292,1,293,-866.82421875
293,1,294,-866.82421875
294,1,295,-866.82421875
295,1,296,-866.82421875
296,1,297,-866.82421875
297,1,298,-866.82421875
298,1,299,-866.82421875
299,1,300,-866.82421875
300,1,301,-866.82421875
301,1,302,-866.82421875
302,1,303,-866.82421875
303,1,304,-866.82421875
304,1,305,-866.82421875
305,1,306,-866.82421875
306,1,307,-866.82421875
307,1,308,-866.82421875
308,1,309,-866.82421875
309,1,310,-866.82421875
310,1,311,-866.82421875
311,1,312,-866.82421875
312,1,313,-873.15625
313,1,314,-873.15625
314,1,315,-874.79296875
315,1,316,-874.79296875
316,1,317,-874.79296875
317,1,318,-874.79296875
318,1,319,-877.765625
319,1,320,-877.765625
320,1,321,-877.765625
321,1,322,-879.51171875
322,1,323,-879.51171875
323,1,324,-879.51171875
324,1,325,-879.51171875
325,1,326,-879.51171875
326,1,327,-879.51171875
327,1,328,-879.51171875
328,1,329,-879.51171875
329,1,330,-879.51171875
330,1,331,-879.51171875
331,1,332,-879.51171875
332,1,333,-879.51171875
333,1,334,-881.28125
334,1,335,-881.28125
335,1,336,-881.28125
336,1,337,-881.28125
337,1,338,-883.07421875
338,1,339,-883.07421875
339,1,340,-883.07421875
340,1,341,-883.07421875
341,1,342,-884.703125
342,1,343,-884.703125
343,1,344,-884.703125
344,1,345,-884.703125
345,1,346,-884.703125
346,1,347,-884.703125
347,1,348,-884.703125
348,1,349,-884.703125
349,1,350,-884.703125
350,1,351,-884.703125
351,1,352,-884.703125
352,1,353,-891.10546875
353,1,354,-892.765625
354,1,355,-892.765625
355,1,356,-899.19921875
356,1,357,-899.19921875
357,1,358,-899.19921875
358,1,359,-905.65625
359,1,360,-905.65625
360,1,361,-905.65625
361,1,362,-912.13671875
362,1,363,-912.13671875
363,1,364,-913.96875
364,1,365,-913.96875
365,1,366,-913.96875
366,1,367,-913.96875
367,1,368,-913.96875
368,1,369,-913.96875
369,1,370,-913.96875
370,1,371,-913.96875
371,1,372,-913.96875
372,1,373,-913.96875
373,1,374,-913.96875
374,1,375,-915.82421875
375,1,376,-915.82421875
376,1,377,-922.34375
377,1,378,-924.04296875
378,1,379,-924.04296875
379,1,380,-924.04296875
380,1,381,-924.04296875
381,1,382,-924.04296875
382,1,383,-924.04296875
383,1,384,-924.04296875
384,1,385,-924.04296875
385,1,386,-924.04296875
386,1,387,-924.04296875
387,1,388,-924.04296875
388,1,389,-924.04296875
389,1,390,-924.04296875
390,1,391,-924.04296875
391,1,392,-924.04296875
392,1,393,-924.04296875
393,1,394,-930.59375
394,1,395,-930.59375
395,1,396,-930.59375
396,1,397,-930.59375
397,1,398,-930.59375
398,1,399,-930.59375
399,1,400,-930.59375
400,1,401,-930.59375
401,1,402,-930.59375
402,1,403,-930.59375
403,1,404,-930.59375
404,1,405,-930.59375
405,1,406,-930.59375
406,1,407,-937.16796875
407,1,408,-937.16796875
408,1,409,-937.16796875
409,1,410,-937.16796875
410,1,411,-937.16796875
411,1,412,-938.90625
412,1,413,-941.88671875
413,1,414,-941.88671875
414,1,415,-941.88671875
415,1,416,-941.88671875
416,1,417,-941.88671875
417,1,418,-943.640625
418,1,419,-943.640625
419,1,420,-943.640625
420,1,421,-943.640625
421,1,422,-943.640625
422,1,423,-945.41796875
423,1,424,-945.41796875
424,1,425,-945.41796875
425,1,426,-945.41796875
426,1,427,-945.41796875
427,1,428,-945.41796875
428,1,429,-945.41796875
429,1,430,-945.41796875
430,1,431,-945.41796875
431,1,432,-945.41796875
432,1,433,-948.40625
433,1,434,-948.40625
434,1,435,-948.40625
435,1,436,-955.04296875
436,1,437,-955.04296875
437,1,438,-956.84375
438,1,439,-956.84375
439,1,440,-956.84375
440,1,441,-956.84375
441,1,442,-956.84375
442,1,443,-956.84375
443,1,444,-956.84375
444,1,445,-956.84375
445,1,446,-956.84375
446,1,447,-956.84375
447,1,448,-956.84375
448,1,449,-956.84375
449,1,450,-956.84375
450,1,451,-956.84375
451,1,452,-963.51171875
452,1,453,-963.51171875
453,1,454,-963.51171875
454,1,455,-963.51171875
455,1,456,-970.203125
456,1,457,-970.203125
457,1,458,-976.91796875
458,1,459,-976.91796875
459,1,460,-976.91796875
460,1,461,-978.796875
461,1,462,-978.796875
462,1,463,-978.796875
463,1,464,-978.796875
464,1,465,-978.796875
465,1,466,-978.796875
466,1,467,-978.796875
467,1,468,-985.54296875
468,1,469,-985.54296875
469,1,470,-985.54296875
470,1,471,-985.54296875
471,1,472,-985.54296875
472,1,473,-985.54296875
473,1,474,-992.3125
474,1,475,-992.3125
475,1,476,-992.3125
476,1,477,-992.3125
477,1,478,-992.3125
478,1,479,-999.10546875
479,1,480,-999.10546875
480,1,481,-999.10546875
481,1,482,-1005.921875
482,1,483,-1012.76171875
483,1,484,-1014.640625
484,1,485,-1017.69921875
485,1,486,-1017.69921875
486,1,487,-1017.69921875
487,1,488,-1017.69921875
488,1,489,-1017.69921875
489,1,490,-1024.578125
490,1,491,-1024.578125
491,1,492,-1024.578125
492,1,493,-1024.578125
493,1,494,-1024.578125
494,1,495,-1026.48046875
495,1,496,-1028.40625
496,1,497,-1028.40625
497,1,498,-1028.40625
498,1,499,-1028.40625
499,1,500,-1028.40625
500,1,501,-1028.40625
501,1,502,-1028.40625
502,1,503,-1028.40625
503,1,504,-1028.40625
504,1,505,-1028.40625
505,1,506,-1028.40625
506,1,507,-1031.48046875
507,1,508,-1031.48046875
508,1,509,-1033.390625
509,1,510,-1033.390625
510,1,511,-1033.390625
511,1,512,-1033.390625
512,1,513,-1040.32421875
513,1,514,-1040.32421875
514,1,515,-1040.32421875
515,1,516,-1040.32421875
516,1,517,-1040.32421875
517,1,518,-1040.32421875
518,1,519,-1040.32421875
519,1,520,-1043.421875
520,1,521,-1043.421875
521,1,522,-1043.421875
522,1,523,-1043.421875
523,1,524,-1050.38671875
524,1,525,-1050.38671875
525,1,526,-1053.515625
526,1,527,-1053.515625
527,1,528,-1053.515625
528,1,529,-1053.515625
529,1,530,-1060.51171875
530,1,531,-1060.51171875
531,1,532,-1062.453125
532,1,533,-1062.453125
533,1,534,-1062.453125
534,1,535,-1062.453125
535,1,536,-1062.453125
536,1,537,-1064.41796875
537,1,538,-1064.41796875
538,1,539,-1064.41796875
539,1,540,-1064.41796875
540,1,541,-1064.41796875
541,1,542,-1064.41796875
542,1,543,-1064.41796875
543,1,544,-1064.41796875
544,1,545,-1064.41796875
545,1,546,-1064.41796875
546,1,547,-1064.41796875
547,1,548,-1064.41796875
548,1,549,-1066.34375
549,1,550,-1073.38671875
550,1,551,-1073.38671875
551,1,552,-1073.38671875
552,1,553,-1073.38671875
553,1,554,-1073.38671875
554,1,555,-1073.38671875
555,1,556,-1080.453125
556,1,557,-1080.453125
557,1,558,-1080.453125
558,1,559,-1080.453125
559,1,560,-1080.453125
560,1,561,-1080.453125
561,1,562,-1080.453125
562,1,563,-1080.453125
563,1,564,-1087.54296875
564,1,565,-1087.54296875
565,1,566,-1087.54296875
566,1,567,-1087.54296875
567,1,568,-1087.54296875
568,1,569,-1094.65625
569,1,570,-1094.65625
570,1,571,-1094.65625
571,1,572,-1094.65625
572,1,573,-1094.65625
573,1,574,-1094.65625
574,1,575,-1094.65625
575,1,576,-1094.65625
576,1,577,-1094.65625
577,1,578,-1094.65625
578,1,579,-1094.65625
579,1,580,-1101.79296875
580,1,581,-1101.79296875
581,1,582,-1101.79296875
582,1,583,-1101.79296875
583,1,584,-1101.79296875
584,1,585,-1101.79296875
585,1,586,-1103.78125
586,1,587,-1103.78125
587,1,588,-1103.78125
588,1,589,-1103.78125
589,1,590,-1105.79296875
590,1,591,-1105.79296875
591,1,592,-1105.79296875
592,1,593,-1107.828125
593,1,594,-1107.828125
594,1,595,-1109.88671875
595,1,596,-1109.88671875
596,1,597,-1109.88671875
597,1,598,-1117.078125
598,1,599,-1119.07421875
599,1,600,-1119.07421875
600,1,601,-1119.07421875
601,1,602,-1119.07421875
602,1,603,-1119.07421875
603,1,604,-1119.07421875
604,1,605,-1119.07421875
605,1,606,-1119.07421875
606,1,607,-1119.07421875
607,1,608,-1119.07421875
608,1,609,-1119.07421875
609,1,610,-1119.07421875
610,1,611,-1126.296875
611,1,612,-1126.296875
612,1,613,-1133.54296875
613,1,614,-1133.54296875
614,1,615,-1135.578125
615,1,616,-1142.85546875
616,1,617,-1142.85546875
617,1,618,-1142.85546875
618,1,619,-1142.85546875
619,1,620,-1142.85546875
620,1,621,-1142.85546875
621,1,622,-1142.85546875
622,1,623,-1150.15625
623,1,624,-1150.15625
624,1,625,-1152.26171875
625,1,626,-1154.328125
626,1,627,-1154.328125
627,1,628,-1156.44921875
628,1,629,-1156.44921875
629,1,630,-1156.44921875
630,1,631,-1159.59375
631,1,632,-1162.76171875
632,1,633,-1164.890625
633,1,634,-1164.890625
634,1,635,-1164.890625
635,1,636,-1164.890625
636,1,637,-1164.890625
637,1,638,-1164.890625
638,1,639,-1164.890625
639,1,640,-1164.890625
640,1,641,-1164.890625
641,1,642,-1164.890625
642,1,643,-1164.890625
643,1,644,-1164.890625
644,1,645,-1164.890625
645,1,646,-1164.890625
646,1,647,-1168.07421875
647,1,648,-1168.07421875
648,1,649,-1168.07421875
649,1,650,-1168.07421875
650,1,651,-1168.07421875
651,1,652,-1168.07421875
652,1,653,-1168.07421875
653,1,654,-1168.07421875
654,1,655,-1171.28125
655,1,656,-1171.28125
656,1,657,-1171.28125
657,1,658,-1171.28125
658,1,659,-1171.28125
659,1,660,-1171.28125
660,1,661,-1171.28125
661,1,662,-1171.28125
662,1,663,-1171.28125
663,1,664,-1171.28125
664,1,665,-1171.28125
665,1,666,-1171.28125
666,1,667,-1171.28125
667,1,668,-1171.28125
668,1,669,-1171.28125
669,1,670,-1171.28125
670,1,671,-1173.32421875
671,1,672,-1173.32421875
672,1,673,-1175.453125
673,1,674,-1177.51171875
674,1,675,-1177.51171875
675,1,676,-1177.51171875
676,1,677,-1177.51171875
677,1,678,-1177.51171875
678,1,679,-1177.51171875
679,1,680,-1177.51171875
680,1,681,-1177.51171875
681,1,682,-1177.51171875
682,1,683,-1177.51171875
683,1,684,-1177.51171875
684,1,685,-1179.65625
685,1,686,-1179.65625
686,1,687,-1179.65625
687,1,688,-1179.65625
688,1,689,-1179.65625
689,1,690,-1179.65625
690,1,691,-1179.65625
691,1,692,-1179.65625
692,1,693,-1187.07421875
693,1,694,-1194.515625
694,1,695,-1194.515625
695,1,696,-1194.515625
696,1,697,-1194.515625
697,1,698,-1194.515625
698,1,699,-1194.515625
699,1,700,-1201.98046875
700,1,701,-1201.98046875
701,1,702,-1201.98046875
702,1,703,-1201.98046875
703,1,704,-1204.171875
704,1,705,-1211.66796875
705,1,706,-1211.66796875
706,1,707,-1211.66796875
707,1,708,-1211.66796875
708,1,709,-1211.66796875
709,1,710,-1213.765625
710,1,711,-1216.98046875
711,1,712,-1216.98046875
712,1,713,-1216.98046875
713,1,714,-1220.21875
714,1,715,-1222.32421875
715,1,716,-1222.32421875
716,1,717,-1222.32421875
717,1,718,-1222.32421875
718,1,719,-1224.515625
719,1,720,-1224.515625
720,1,721,-1232.07421875
721,1,722,-1239.65625
722,1,723,-1239.65625
723,1,724,-1241.79296875
724,1,725,-1241.79296875
725,1,726,-1241.79296875
726,1,727,-1241.79296875
727,1,728,-1241.79296875
728,1,729,-1241.79296875
729,1,730,-1241.79296875
730,1,731,-1241.79296875
731,1,732,-1241.79296875
732,1,733,-1241.79296875
733,1,734,-1241.79296875
734,1,735,-1241.79296875
735,1,736,-1241.79296875
736,1,737,-1241.79296875
737,1,738,-1249.40625
738,1,739,-1249.40625
739,1,740,-1249.40625
740,1,741,-1249.40625
741,1,742,-1249.40625
742,1,743,-1249.40625
743,1,744,-1257.04296875
744,1,745,-1257.04296875
745,1,746,-1257.04296875
746,1,747,-1257.04296875
747,1,748,-1257.04296875
748,1,749,-1257.04296875
749,1,750,-1257.04296875
750,1,751,-1257.04296875
751,1,752,-1257.04296875
752,1,753,-1257.04296875
753,1,754,-1264.703125
754,1,755,-1266.88671875
755,1,756,-1266.88671875
756,1,757,-1269.125
757,1,758,-1269.125
758,1,759,-1271.38671875
759,1,760,-1271.38671875
760,1,761,-1271.38671875
761,1,762,-1271.38671875
762,1,763,-1271.38671875
763,1,764,-1271.38671875
764,1,765,-1273.578125
765,1,766,-1273.578125
766,1,767,-1281.29296875
767,1,768,-1284.546875
768,1,769,-1292.29296875
769,1,770,-1292.29296875
770,1,771,-1292.29296875
771,1,772,-1295.578125
772,1,773,-1295.578125
773,1,774,-1298.88671875
774,1,775,-1298.88671875
775,1,776,-1301.09375
776,1,777,-1301.09375
777,1,778,-1308.88671875
778,1,779,-1316.703125
779,1,780,-1316.703125
780,1,781,-1316.703125
781,1,782,-1318.94921875
782,1,783,-1318.94921875
783,1,784,-1321.21875
784,1,785,-1321.21875
785,1,786,-1321.21875
786,1,787,-1321.21875
787,1,788,-1321.21875
788,1,789,-1321.21875
789,1,790,-1321.21875
790,1,791,-1321.21875
791,1,792,-1323.51171875
792,1,793,-1323.51171875
793,1,794,-1323.51171875
794,1,795,-1323.51171875
795,1,796,-1323.51171875
796,1,797,-1331.375
797,1,798,-1331.375
798,1,799,-1331.375
799,1,800,-1331.375
800,1,801,-1331.375
801,1,802,-1331.375
802,1,803,-1331.375
803,1,804,-1331.375
804,1,805,-1339.26171875
805,1,806,-1339.26171875
806,1,807,-1339.26171875
807,1,808,-1339.26171875
808,1,809,-1339.26171875
809,1,810,-1339.26171875
810,1,811,-1339.26171875
811,1,812,-1339.26171875
812,1,813,-1339.26171875
813,1,814,-1341.59375
814,1,815,-1341.59375
815,1,816,-1341.59375
816,1,817,-1341.59375
817,1,818,-1341.59375
818,1,819,-1349.51171875
819,1,820,-1351.875
820,1,821,-1351.875
821,1,822,-1351.875
822,1,823,-1351.875
823,1,824,-1351.875
824,1,825,-1351.875
825,1,826,-1351.875
826,1,827,-1351.875
827,1,828,-1351.875
828,1,829,-1351.875
829,1,830,-1351.875
830,1,831,-1351.875
831,1,832,-1351.875
832,1,833,-1351.875
833,1,834,-1351.875
834,1,835,-1351.875
835,1,836,-1354.13671875
836,1,837,-1354.13671875
837,1,838,-1362.09375
838,1,839,-1362.09375
839,1,840,-1370.07421875
840,1,841,-1370.07421875
841,1,842,-1370.07421875
842,1,843,-1378.078125
843,1,844,-1378.078125
844,1,845,-1378.078125
845,1,846,-1378.078125
846,1,847,-1380.48046875
847,1,848,-1383.8125
848,1,849,-1383.8125
849,1,850,-1391.85546875
850,1,851,-1391.85546875
851,1,852,-1391.85546875
852,1,853,-1391.85546875
853,1,854,-1391.85546875
854,1,855,-1391.85546875
855,1,856,-1391.85546875
856,1,857,-1391.85546875
857,1,858,-1391.85546875
858,1,859,-1394.15625
859,1,860,-1394.15625
860,1,861,-1394.15625
861,1,862,-1394.15625
862,1,863,-1394.15625
863,1,864,-1394.15625
864,1,865,-1394.15625
865,1,866,-1394.15625
866,1,867,-1394.15625
867,1,868,-1394.15625
868,1,869,-1394.15625
869,1,870,-1402.23046875
870,1,871,-1402.23046875
871,1,872,-1402.23046875
872,1,873,-1410.328125
873,1,874,-1410.328125
874,1,875,-1410.328125
875,1,876,-1410.328125
876,1,877,-1410.328125
877,1,878,-1410.328125
878,1,879,-1410.328125
879,1,880,-1410.328125
880,1,881,-1410.328125
881,1,882,-1410.328125
882,1,883,-1410.328125
883,1,884,-1410.328125
884,1,885,-1410.328125
885,1,886,-1418.44921875
886,1,887,-1418.44921875
887,1,888,-1426.59375
888,1,889,-1426.59375
889,1,890,-1426.59375
890,1,891,-1426.59375
891,1,892,-1426.59375
892,1,893,-1426.59375
893,1,894,-1429.04296875
894,1,895,-1429.04296875
895,1,896,-1431.390625
896,1,897,-1431.390625
897,1,898,-1431.390625
898,1,899,-1431.390625
899,1,900,-1431.390625
900,1,901,-1439.57421875
901,1,902,-1439.57421875
902,1,903,-1447.78125
903,1,904,-1456.01171875
904,1,905,-1458.40625
905,1,906,-1460.88671875
906,1,907,-1460.88671875
907,1,908,-1463.296875
908,1,909,-1463.296875
909,1,910,-1466.66796875
910,1,911,-1466.66796875
911,1,912,-1466.66796875
912,1,913,-1466.66796875
913,1,914,-1466.66796875
914,1,915,-1469.15625
915,1,916,-1471.66796875
916,1,917,-1471.66796875
917,1,918,-1471.66796875
918,1,919,-1471.66796875
919,1,920,-1471.66796875
920,1,921,-1471.66796875
921,1,922,-1479.96875
922,1,923,-1488.29296875
923,1,924,-1488.29296875
924,1,925,-1490.71875
925,1,926,-1493.26171875
926,1,927,-1493.26171875
927,1,928,-1493.26171875
928,1,929,-1493.26171875
929,1,930,-1493.26171875
930,1,931,-1493.26171875
931,1,932,-1493.26171875
932,1,933,-1501.625
933,1,934,-1501.625
934,1,935,-1501.625
935,1,936,-1501.625
936,1,937,-1501.625
937,1,938,-1510.01171875
938,1,939,-1510.01171875
939,1,940,-1510.01171875
940,1,941,-1510.01171875
941,1,942,-1510.01171875
942,1,943,-1510.01171875
943,1,944,-1510.01171875
944,1,945,-1510.01171875
945,1,946,-1510.01171875
946,1,947,-1512.46875
947,1,948,-1512.46875
948,1,949,-1512.46875
949,1,950,-1512.46875
950,1,951,-1512.46875
951,1,952,-1512.46875
952,1,953,-1512.46875
953,1,954,-1512.46875
954,1,955,-1512.46875
955,1,956,-1512.46875
956,1,957,-1515.04296875
957,1,958,-1517.515625
958,1,959,-1517.515625
959,1,960,-1517.515625
960,1,961,-1520.01171875
961,1,962,-1520.01171875
962,1,963,-1520.01171875
963,1,964,-1520.01171875
964,1,965,-1520.01171875
965,1,966,-1520.01171875
966,1,967,-1520.01171875
967,1,968,-1520.01171875
968,1,969,-1520.01171875
969,1,970,-1520.01171875
970,1,971,-1520.01171875
971,1,972,-1520.01171875
972,1,973,-1520.01171875
973,1,974,-1520.01171875
974,1,975,-1520.01171875
975,1,976,-1520.01171875
976,1,977,-1528.453125
977,1,978,-1528.453125
978,1,979,-1528.453125
979,1,980,-1531.82421875
980,1,981,-1531.82421875
981,1,982,-1540.296875
982,1,983,-1540.296875
983,1,984,-1542.82421875
984,1,985,-1542.82421875
985,1,986,-1542.82421875
986,1,987,-1542.82421875
987,1,988,-1545.40625
988,1,989,-1545.40625
989,1,990,-1553.91796875
990,1,991,-1556.53125
991,1,992,-1556.53125
992,1,993,-1556.53125
993,1,994,-1559.16796875
994,1,995,-1559.16796875
995,1,996,-1559.16796875
996,1,997,-1559.16796875
997,1,998,-1559.16796875
998,1,999,-1567.71875
999,1,1000,-1567.71875
1000,1,1001,-1567.71875
1001,1,1002,-1570.38671875
1002,1,1003,-1578.96875
1003,1,1004,-1578.96875
1004,1,1005,-1578.96875
1005,1,1006,-1578.96875
1006,1,1007,-1578.96875
1007,1,1008,-1578.96875
1008,1,1009,-1587.57421875
1009,1,1010,-1587.57421875
1010,1,1011,-1587.57421875
1011,1,1012,-1587.57421875
1012,1,1013,-1587.57421875
1013,1,1014,-1587.57421875
1014,1,1015,-1587.57421875
1015,1,1016,-1590.28125
1016,1,1017,-1590.28125
1017,1,1018,-1593.01171875
1018,1,1019,-1593.01171875
1019,1,1020,-1593.01171875
1020,1,1021,-1593.01171875
1021,1,1022,-1593.01171875
1022,1,1023,-1593.01171875
1023,1,1024,-1593.01171875
1024,2,2,-1593.01171875
1025,2,4,-1593.01171875
1026,2,6,-1593.01171875
1027,2,8,-1593.01171875
1028,2,10,-1593.01171875
1029,2,12,-1593.01171875
1030,2,14,-1593.01171875
1031,2,16,-1593.01171875
1032,2,18,-1593.01171875
1033,2,20,-1593.01171875
1034,2,22,-1593.01171875
1035,2,24,-1593.01171875
1036,2,26,-1593.01171875
1037,2,28,-1593.01171875
1038,2,30,-1593.01171875
1039,2,32,-1593.01171875
1040,2,34,-1593.01171875
1041,2,36,-1593.01171875
1042,2,38,-1593.01171875
1043,2,40,-1593.01171875
1044,2,42,-1593.01171875
1045,2,44,-1593.01171875
1046,2,46,-1593.01171875
1047,2,48,-1593.01171875
1048,2,50,-1593.01171875
1049,2,52,-1593.01171875
1050,2,54,-1593.01171875
1051,2,56,-1593.01171875
1052,2,58,-1593.01171875
1053,2,60,-1593.01171875
1054,2,62,-1593.01171875
1055,2,64,-1593.01171875
1056,2,66,-1593.01171875
1057,2,68,-1593.01171875
1058,2,70,-1593.01171875
1059,2,72,-1593.01171875
1060,2,74,-1593.01171875
1061,2,76,-1593.01171875
1062,2,78,-1593.01171875
1063,2,80,-1593.01171875
1064,2,82,-1593.01171875
1065,2,84,-1593.01171875
1066,2,86,-1593.01171875
1067,2,88,-1593.01171875
1068,2,90,-1593.01171875
1069,2,92,-1593.01171875
1070,2,94,-1593.01171875
1071,2,96,-1593.01171875
1072,2,98,-1593.01171875
1073,2,100,-1593.01171875
1074,2,102,-1593.01171875
1075,2,104,-1593.01171875
1076,2,106,-1593.01171875
1077,2,108,-1593.01171875
1078,2,110,-1593.01171875
1079,2,112,-1593.01171875
1080,2,114,-1593.01171875
1081,2,116,-1593.01171875
1082,2,118,-1593.01171875
1083,2,120,-1593.01171875
1084,2,122,-1593.01171875
1085,2,124,-1593.01171875
1086,2,126,-1593.01171875
1087,2,128,-1593.01171875
1088,2,130,-1593.01171875
1089,2,132,-1593.01171875
1090,2,134,-1593.01171875
1091,2,136,-1593.01171875
1092,2,138,-1593.01171875
1093,2,140,-1593.01171875
1094,2,142,-1593.01171875
1095,2,144,-1593.01171875
1096,2,146,-1593.01171875
1097,2,148,-1593.01171875
1098,2,150,-1593.01171875
1099,2,152,-1593.01171875
1100,2,154,-1593.01171875
1101,2,156,-1593.01171875
1102,2,158,-1593.01171875
1103,2,160,-1593.01171875
1104,2,162,-1593.01171875
1105,2,164,-1593.01171875
1106,2,166,-1593.01171875
1107,2,168,-1593.01171875
1108,2,170,-1593.01171875
1109,2,172,-1593.01171875
1110,2,174,-1593.01171875
1111,2,176,-1593.01171875
1112,2,178,-1593.01171875
1113,2,180,-1593.01171875
1114,2,182,-1593.01171875
1115,2,184,-1593.01171875
1116,2,186,-1593.01171875
1117,2,188,-1593.01171875
1118,2,190,-1593.01171875
1119,2,192,-1593.01171875
1120,2,194,-1593.01171875
1121,2,196,-1593.01171875
1122,2,198,-1593.01171875
1123,2,200,-1593.01171875
1124,2,202,-1593.01171875
1125,2,204,-1593.01171875
1126,2,206,-1593.01171875
1127,2,208,-1593.01171875
1128,2,210,-1593.01171875
1129,2,212,-1593.01171875
1130,2,214,-1593.01171875
1131,2,216,-1593.01171875
1132,2,218,-1593.01171875
1133,2,220,-1593.01171875
1134,2,222,-1593.01171875
1135,2,224,-1593.01171875
1136,2,226,-1593.01171875
1137,2,228,-1593.01171875
1138,2,230,-1593.01171875
1139,2,232,-1593.01171875
1140,2,234,-1593.01171875
1141,2,236,-1593.01171875
1142,2,238,-1593.01171875
1143,2,240,-1593.01171875
1144,2,242,-1593.01171875
1145,2,244,-1593.01171875
1146,2,246,-1593.01171875
1147,2,248,-1593.01171875
1148,2,250,-1593.01171875
1149,2,252,-1593.01171875
1150,2,254,-1593.01171875
1151,2,256,-1593.01171875
1152,2,258,-1593.01171875
1153,2,260,-1593.01171875
1154,2,262,-1593.01171875
1155,2,264,-1593.01171875
1156,2,266,-1593.01171875
1157,2,268,-1593.01171875
1158,2,270,-1593.01171875
1159,2,272,-1593.01171875
1160,2,274,-1593.01171875
1161,2,276,-1593.01171875
1162,2,278,-1593.01171875
1163,2,280,-1593.01171875
1164,2,282,-1593.01171875
1165,2,284,-1593.01171875
1166,2,286,-1593.01171875
1167,2,288,-1593.01171875
1168,2,290,-1593.01171875
1169,2,292,-1593.01171875
1170,2,294,-1593.01171875
1171,2,296,-1593.01171875
1172,2,298,-1593.01171875
1173,2,300,-1593.01171875
1174,2,302,-1593.01171875
1175,2,304,-1593.01171875
1176,2,306,-1593.01171875
1177,2,308,-1593.01171875
1178,2,310,-1593.01171875
1179,2,312,-1593.01171875
1180,2,314,-1593.01171875
1181,2,316,-1593.01171875
1182,2,318,-1593.01171875
1183,2,320,-1593.01171875
1184,2,322,-1593.01171875
1185,2,324,-1593.01171875
1186,2,326,-1593.01171875
1187,2,328,-1593.01171875
1188,2,330,-1593.01171875
1189,2,332,-1593.01171875
1190,2,334,-1593.01171875
1191,2,336,-1593.01171875
1192,2,338,-1593.01171875
1193,2,340,-1593.01171875
1194,2,342,-1593.01171875
1195,2,344,-1593.01171875
1196,2,346,-1593.01171875
1197,2,348,-1593.01171875
1198,2,350,-1593.01171875
1199,2,352,-1593.01171875
1200,2,354,-1593.01171875
1201,2,356,-1593.01171875
1202,2,358,-1593.01171875
1203,2,360,-1593.01171875
1204,2,362,-1593.01171875
1205,2,364,-1593.01171875
1206,2,366,-1593.01171875
1207,2,368,-1593.01171875
1208,2,370,-1593.01171875
1209,2,372,-1593.01171875
1210,2,374,-1593.01171875
1211,2,376,-1593.01171875
1212,2,378,-1593.01171875
1213,2,380,-1593.01171875
1214,2,382,-1593.01171875
1215,2,384,-1593.01171875
1216,2,386,-1593.01171875
1217,2,388,-1593.01171875
1218,2,390,-1593.01171875
1219,2,392,-1593.01171875
1220,2,394,-1593.01171875
1221,2,396,-1593.01171875
1222,2,398,-1593.01171875
1223,2,400,-1593.01171875
1224,2,402,-1593.01171875
1225,2,404,-1593.01171875
1226,2,406,-1593.01171875
1227,2,408,-1593.01171875
1228,2,410,-1593.01171875
1229,2,412,-1593.01171875
1230,2,414,-1593.01171875
1231,2,416,-1593.01171875
1232,2,418,-1593.01171875
1233,2,420,-1593.01171875
1234,2,422,-1593.01171875
1235,2,424,-1593.01171875
1236,2,426,-1593.01171875
1237,2,428,-1593.01171875
1238,2,430,-1593.01171875
1239,2,432,-1593.01171875
1240,2,434,-1593.01171875
1241,2,436,-1593.01171875
1242,2,438,-1593.01171875
1243,2,440,-1593.01171875
1244,2,442,-1593.01171875
1245,2,444,-1593.01171875
1246,2,446,-1593.01171875
1247,2,448,-1593.01171875
1248,2,450,-1593.01171875
1249,2,452,-1593.01171875
1250,2,454,-1593.01171875
1251,2,456,-1593.01171875
1252,2,458,-1593.01171875
1253,2,460,-1593.01171875
1254,2,462,-1593.01171875
1255,2,464,-1593.01171875
1256,2,466,-1593.01171875
1257,2,468,-1593.01171875
1258,2,470,-1593.01171875
1259,2,472,-1593.01171875
1260,2,474,-1593.01171875
1261,2,476,-1593.01171875
1262,2,478,-1593.01171875
1263,2,480,-1593.01171875
1264,2,482,-1593.01171875
1265,2,484,-1593.01171875
1266,2,486,-1593.01171875
1267,2,488,-1593.01171875
1268,2,490,-1593.01171875
1269,2,492,-1593.01171875
1270,2,494,-1593.01171875
1271,2,496,-1593.01171875
1272,2,498,-1593.01171875
1273,2,500,-1593.01171875
1274,2,502,-1593.01171875
1275,2,504,-1593.01171875
1276,2,506,-1593.01171875
1277,2,508,-1593.01171875
1278,2,510,-1593.01171875
1279,2,512,-1593.01171875
1280,2,514,-1593.01171875
1281,2,516,-1593.01171875
1282,2,518,-1593.01171875
1283,2,520,-1593.01171875
1284,2,522,-1593.01171875
1285,2,524,-1593.01171875
1286,2,526,-1593.01171875
1287,2,528,-1593.01171875
1288,2,530,-1593.01171875
1289,2,532,-1593.01171875
1290,2,534,-1593.01171875
1291,2,536,-1593.01171875
1292,2,538,-1593.01171875
1293,2,540,-1593.01171875
1294,2,542,-1593.01171875
1295,2,544,-1593.01171875
1296,2,546,-1593.01171875
1297,2,548,-1593.01171875
1298,2,550,-1593.01171875
1299,2,552,-1593.01171875
1300,2,554,-1593.01171875
1301,2,556,-1593.01171875
1302,2,558,-1593.01171875
1303,2,560,-1593.01171875
1304,2,562,-1593.01171875
1305,2,564,-1593.01171875
1306,2,566,-1593.01171875
1307,2,568,-1593.01171875
1308,2,570,-1593.01171875
1309,2,572,-1593.01171875
1310,2,574,-1593.01171875
1311,2,576,-1593.01171875
1312,2,578,-1593.01171875
1313,2,580,-1593.01171875
1314,2,582,-1593.01171875
1315,2,584,-1593.01171875
1316,2,586,-1593.01171875
1317,2,588,-1593.01171875
1318,2,590,-1593.01171875
1319,2,592,-1593.01171875
1320,2,594,-1593.01171875
1321,2,596,-1593.01171875
1322,2,598,-1593.01171875
1323,2,600,-1593.01171875
1324,2,602,-1593.01171875
1325,2,604,-1593.01171875
1326,2,606,-1593.01171875
1327,2,608,-1593.01171875
1328,2,610,-1593.01171875
1329,2,612,-1593.01171875
1330,2,614,-1593.01171875
1331,2,616,-1593.01171875
1332,2,618,-1593.01171875
1333,2,620,-1593.01171875
1334,2,622,-1593.01171875
1335,2,624,-1593.01171875
1336,2,626,-1593.01171875
1337,2,628,-1593.01171875
1338,2,630,-1593.01171875
1339,2,632,-1593.01171875
1340,2,634,-1593.01171875
1341,2,636,-1593.01171875
1342,2,638,-1593.01171875
1343,2,640,-1593.01171875
1344,2,642,-1593.01171875
1345,2,644,-1593.01171875
1346,2,646,-1593.01171875
1347,2,648,-1593.01171875
1348,2,650,-1593.01171875
1349,2,652,-1593.01171875
1350,2,654,-1593.01171875
1351,2,656,-1593.01171875
1352,2,658,-1593.01171875
1353,2,660,-1593.01171875
1354,2,662,-1593.01171875
1355,2,664,-1593.01171875
1356,2,666,-1593.01171875
1357,2,668,-1593.01171875
1358,2,670,-1593.01171875
1359,2,672,-1593.01171875
1360,2,674,-1593.01171875
1361,2,676,-1593.01171875
1362,2,678,-1593.01171875
1363,2,680,-1593.01171875
1364,2,682,-1593.01171875
1365,2,684,-1593.01171875
1366,2,686,-1593.01171875
1367,2,688,-1593.01171875
1368,2,690,-1593.01171875
1369,2,692,-1593.01171875
1370,2,694,-1593.01171875
1371,2,696,-1593.01171875
1372,2,698,-1593.01171875
1373,2,700,-1593.01171875
1374,2,702,-1593.01171875
1375,2,704,-1593.01171875
1376,2,706,-1593.01171875
1377,2,708,-1593.01171875
1378,2,710,-1593.01171875
1379,2,712,-1593.01171875
1380,2,714,-1593.01171875
1381,2,716,-1593.01171875
1382,2,718,-1593.01171875
1383,2,720,-1593.01171875
1384,2,722,-1593.01171875
1385,2,724,-1593.01171875
1386,2,726,-1593.01171875
1387,2,728,-1593.01171875
1388,2,730,-1593.01171875
1389,2,732,-1593.01171875
1390,2,734,-1593.01171875
1391,2,736,-1593.01171875
1392,2,738,-1593.01171875
1393,2,740,-1593.01171875
1394,2,742,-1593.01171875
1395,2,744,-1593.01171875
1396,2,746,-1593.01171875
1397,2,748,-1593.01171875
1398,2,750,-1593.01171875
1399,2,752,-1593.01171875
1400,2,754,-1593.01171875
1401,2,756,-1593.01171875
1402,2,758,-1593.01171875
1403,2,760,-1593.01171875
1404,2,762,-1593.01171875
1405,2,764,-1593.01171875
1406,2,766,-1593.01171875
1407,2,768,-1593.01171875
1408,2,770,-1593.01171875
1409,2,772,-1593.01171875
1410,2,774,-1593.01171875
1411,2,776,-1593.01171875
1412,2,778,-1593.01171875
1413,2,780,-1593.01171875
1414,2,782,-1593.01171875
1415,2,784,-1593.01171875
1416,2,786,-1593.01171875
1417,2,788,-1593.01171875
1418,2,790,-1593.01171875
1419,2,792,-1593.01171875
1420,2,794,-1593.01171875
1421,2,796,-1593.01171875
1422,2,798,-1593.01171875
1423,2,800,-1593.01171875
1424,2,802,-1593.01171875
1425,2,804,-1593.01171875
1426,2,806,-1593.01171875
1427,2,808,-1593.01171875
1428,2,810,-1593.01171875
1429,2,812,-1593.01171875
1430,2,814,-1593.01171875
1431,2,816,-1593.01171875
1432,2,818,-1593.01171875
1433,2,820,-1593.01171875
1434,2,822,-1593.01171875
1435,2,824,-1593.01171875
1436,2,826,-1593.01171875
1437,2,828,-1593.01171875
1438,2,830,-1593.01171875
1439,2,832,-1593.01171875
1440,2,834,-1593.01171875
1441,2,836,-1593.01171875
1442,2,838,-1593.01171875
1443,2,840,-1593.01171875
1444,2,842,-1593.01171875
1445,2,844,-1593.01171875
1446,2,846,-1593.01171875
1447,2,848,-1593.01171875
1448,2,850,-1593.01171875
1449,2,852,-1593.01171875
1450,2,854,-1593.01171875
1451,2,856,-1593.01171875
1452,2,858,-1593.01171875
1453,2,860,-1593.01171875
1454,2,862,-1593.01171875
1455,2,864,-1593.01171875
1456,2,866,-1593.01171875
1457,2,868,-1593.01171875
1458,2,870,-1593.01171875
1459,2,872,-1593.01171875
1460,2,874,-1593.01171875
1461,2,876,-1593.01171875
1462,2,878,-1593.01171875
1463,2,880,-1593.01171875
1464,2,882,-1593.01171875
1465,2,884,-1593.01171875
1466,2,886,-1593.01171875
1467,2,888,-1593.01171875
1468,2,890,-1593.01171875
1469,2,892,-1593.01171875
1470,2,894,-1593.01171875
1471,2,896,-1593.01171875
1472,2,898,-1593.01171875
1473,2,900,-1593.01171875
1474,2,902,-1593.01171875
1475,2,904,-1593.01171875
1476,2,906,-1593.01171875
1477,2,908,-1593.01171875
1478,2,910,-1593.01171875
1479,2,912,-1593.01171875
1480,2,914,-1593.01171875
1481,2,916,-1593.01171875
1482,2,918,-1593.01171875
1483,2,920,-1593.01171875
1484,2,922,-1593.01171875
1485,2,924,-1593.01171875
1486,2,926,-1593.01171875
1487,2,928,-1593.01171875
1488,2,930,-1593.01171875
1489,2,932,-1593.01171875
1490,2,934,-1593.01171875
1491,2,936,-1593.01171875
1492,2,938,-1593.01171875
1493,2,940,-1593.01171875
1494,2,942,-1593.01171875
1495,2,944,-1593.01171875
1496,2,946,-1593.01171875
1497,2,948,-1593.01171875
1498,2,950,-1593.01171875
1499,2,952,-1593.01171875
1500,2,954,-1593.01171875
1501,2,956,-1593.01171875
1502,2,958,-1593.01171875
1503,2,960,-1593.01171875
1504,2,962,-1593.01171875
1505,2,964,-1593.01171875
1506,2,966,-1593.01171875
1507,2,968,-1593.01171875
1508,2,970,-1593.01171875
1509,2,972,-1593.01171875
1510,2,974,-1593.01171875
1511,2,976,-1593.01171875
1512,2,978,-1593.01171875
1513,2,980,-1593.01171875
1514,2,982,-1593.01171875
1515,2,984,-1593.01171875
1516,2,986,-1593.01171875
1517,2,988,-1593.01171875
1518,2,990,-1593.01171875
1519,2,992,-1593.01171875
1520,2,994,-1593.01171875
1521,2,996,-1593.01171875
1522,2,998,-1593.01171875
1523,2,1000,-1593.01171875
1524,2,1002,-1593.01171875
1525,2,1004,-1593.01171875
1526,2,1006,-1593.01171875
1527,2,1008,-1593.01171875
1528,2,1010,-1593.01171875
1529,2,1012,-1593.01171875
1530,2,1014,-1593.01171875
1531,2,1016,-1593.01171875
1532,2,1018,-1593.01171875
1533,2,1020,-1593.01171875
1534,2,1022,-1593.01171875
1535,2,1024,-1593.01171875
1536,2,1026,-1593.01171875
1537,2,1028,-1593.01171875
1538,2,1030,-1593.01171875
1539,2,1032,-1593.01171875
1540,2,1034,-1593.01171875
1541,2,1036,-1593.01171875
1542,2,1038,-1593.01171875
1543,2,1040,-1593.01171875
1544,2,1042,-1593.01171875
1545,2,1044,-1593.01171875
1546,2,1046,-1593.01171875
1547,2,1048,-1593.01171875
1548,2,1050,-1593.01171875
1549,2,1052,-1593.01171875
1550,2,1054,-1593.01171875
1551,2,1056,-1593.01171875
1552,2,1058,-1593.01171875
1553,2,1060,-1593.01171875
1554,2,1062,-1593.01171875
1555,2,1064,-1593.01171875
1556,2,1066,-1593.01171875
1557,2,1068,-1593.01171875
1558,2,1070,-1593.01171875
1559,2,1072,-1593.01171875
1560,2,1074,-1593.01171875
1561,2,1076,-1593.01171875
1562,2,1078,-1593.01171875
1563,2,1080,-1593.01171875
1564,2,1082,-1593.01171875
1565,2,1084,-1593.01171875
1566,2,1086,-1593.01171875
1567,2,1088,-1593.01171875
1568,2,1090,-1593.01171875
1569,2,1092,-1593.01171875
1570,2,1094,-1593.01171875
1571,2,1096,-1593.01171875
1572,2,1098,-1593.01171875
1573,2,1100,-1593.01171875
1574,2,1102,-1593.01171875
1575,2,1104,-1593.01171875
1576,2,1106,-1593.01171875
1577,2,1108,-1593.01171875
1578,2,1110,-1593.01171875
1579,2,1112,-1593.01171875
1580,2,1114,-1593.01171875
1581,2,1116,-1593.01171875
1582,2,1118,-1593.01171875
1583,2,1120,-1593.01171875
1584,2,1122,-1593.01171875
1585,2,1124,-1593.01171875
1586,2,1126,-1593.01171875
1587,2,1128,-1593.01171875
1588,2,1130,-1593.01171875
1589,2,1132,-1593.01171875
1590,2,1134,-1593.01171875
1591,2,1136,-1593.01171875
1592,2,1138,-1593.01171875
1593,2,1140,-1593.01171875
1594,2,1142,-1593.01171875
1595,2,1144,-1593.01171875
1596,2,1146,-1593.01171875
1597,2,1148,-1593.01171875
1598,2,1150,-1593.01171875
1599,2,1152,-1593.01171875
1600,2,1154,-1593.01171875
1601,2,1156,-1593.01171875
1602,2,1158,-1593.01171875
1603,2,1160,-1593.01171875
1604,2,1162,-1593.01171875
1605,2,1164,-1593.01171875
1606,2,1166,-1593.01171875
1607,2,1168,-1593.01171875
1608,2,1170,-1593.01171875
1609,2,1172,-1593.01171875
1610,2,1174,-1593.01171875
1611,2,1176,-1593.01171875
1612,2,1178,-1593.01171875
1613,2,1180,-1593.01171875
1614,2,1182,-1593.01171875
1615,2,1184,-1593.01171875
1616,2,1186,-1593.01171875
1617,2,1188,-1593.01171875
1618,2,1190,-1593.01171875
1619,2,1192,-1593.01171875
1620,2,1194,-1593.01171875
1621,2,1196,-1593.01171875
1622,2,1198,-1593.01171875
1623,2,1200,-1593.01171875
1624,2,1202,-1593.01171875
1625,2,1204,-1593.01171875
1626,2,1206,-1593.01171875
1627,2,1208,-1593.01171875
1628,2,1210,-1593.01171875
1629,2,1212,-1593.01171875
1630,2,1214,-1593.01171875
1631,2,1216,-1593.01171875
1632,2,1218,-1593.01171875
1633,2,1220,-1593.01171875
1634,2,1222,-1593.01171875
1635,2,1224,-1593.01171875
1636,2,1226,-1593.01171875
1637,2,1228,-1593.01171875
1638,2,1230,-1593.01171875
1639,2,1232,-1593.01171875
1640,2,1234,-1593.01171875
1641,2,1236,-1593.01171875
1642,2,1238,-1593.01171875
1643,2,1240,-1593.01171875
1644,2,1242,-1593.01171875
1645,2,1244,-1593.01171875
1646,2,1246,-1593.01171875
1647,2,1248,-1593.01171875
1648,2,1250,-1593.01171875
1649,2,1252,-1593.01171875
1650,2,1254,-1593.01171875
1651,2,1256,-1593.01171875
1652,2,1258,-1593.01171875
1653,2,1260,-1593.01171875
1654,2,1262,-1593.01171875
1655,2,1264,-1593.01171875
1656,2,1266,-1593.01171875
1657,2,1268,-1593.01171875
1658,2,1270,-1593.01171875
1659,2,1272,-1593.01171875
1660,2,1274,-1593.01171875
1661,2,1276,-1593.01171875
1662,2,1278,-1593.01171875
1663,2,1280,-1593.01171875
1664,2,1282,-1593.01171875
1665,2,1284,-1593.01171875
1666,2,1286,-1593.01171875
1667,2,1288,-1593.01171875
1668,2,1290,-1593.01171875
1669,2,1292,-1593.01171875
1670,2,1294,-1593.01171875
1671,2,1296,-1593.01171875
1672,2,1298,-1593.01171875
1673,2,1300,-1593.01171875
1674,2,1302,-1593.01171875
1675,2,1304,-1593.01171875
1676,2,1306,-1593.01171875
1677,2,1308,-1593.01171875
1678,2,1310,-1593.01171875
1679,2,1312,-1593.01171875
1680,2,1314,-1593.01171875
1681,2,1316,-1593.01171875
1682,2,1318,-1593.01171875
1683,2,1320,-1593.01171875
1684,2,1322,-1593.01171875
1685,2,1324,-1593.01171875
1686,2,1326,-1593.01171875
1687,2,1328,-1593.01171875
1688,2,1330,-1593.01171875
1689,2,1332,-1593.01171875
1690,2,1334,-1593.01171875
1691,2,1336,-1593.01171875
1692,2,1338,-1593.01171875
1693,2,1340,-1593.01171875
1694,2,1342,-1593.01171875
1695,2,1344,-1593.01171875
1696,2,1346,-1593.01171875
1697,2,1348,-1593.01171875
1698,2,1350,-1593.01171875
1699,2,1352,-1593.01171875
1700,2,1354,-1593.01171875
1701,2,1356,-1593.01171875
1702,2,1358,-1593.01171875
1703,2,1360,-1593.01171875
1704,2,1362,-1593.01171875
1705,2,1364,-1593.01171875
1706,2,1366,-1593.01171875
1707,2,1368,-1593.01171875
1708,2,1370,-1593.01171875
1709,2,1372,-1593.01171875
1710,2,1374,-1593.01171875
1711,2,1376,-1593.01171875
1712,2,1378,-1593.01171875
1713,2,1380,-1593.01171875
1714,2,1382,-1593.01171875
1715,2,1384,-1593.01171875
1716,2,1386,-1593.01171875
1717,2,1388,-1593.01171875
1718,2,1390,-1593.01171875
1719,2,1392,-1593.01171875
1720,2,1394,-1593.01171875
1721,2,1396,-1593.01171875
1722,2,1398,-1593.01171875
1723,2,1400,-1593.01171875
1724,2,1402,-1593.01171875
1725,2,1404,-1593.01171875
1726,2,1406,-1593.01171875
1727,2,1408,-1593.01171875
1728,2,1410,-1593.01171875
1729,2,1412,-1593.01171875
1730,2,1414,-1593.01171875
1731,2,1416,-1593.01171875
1732,2,1418,-1593.01171875
1733,2,1420,-1593.01171875
1734,2,1422,-1593.01171875
1735,2,1424,-1593.01171875
1736,2,1426,-1593.01171875
1737,2,1428,-1593.01171875
1738,2,1430,-1593.01171875
1739,2,1432,-1593.01171875
1740,2,1434,-1593.01171875
1741,2,1436,-1593.01171875
1742,2,1438,-1593.01171875
1743,2,1440,-1593.01171875
1744,2,1442,-1593.01171875
1745,2,1444,-1593.01171875
1746,2,1446,-1593.01171875
1747,2,1448,-1593.01171875
1748,2,1450,-1593.01171875
1749,2,1452,-1593.01171875
1750,2,1454,-1593.01171875
1751,2,1456,-1593.01171875
1752,2,1458,-1593.01171875
1753,2,1460,-1593.01171875
1754,2,1462,-1593.01171875
1755,2,1464,-1593.01171875
1756,2,1466,-1593.01171875
1757,2,1468,-1593.01171875
1758,2,1470,-1593.01171875
1759,2,1472,-1593.01171875
1760,2,1474,-1593.01171875
1761,2,1476,-1593.01171875
1762,2,1478,-1593.01171875
1763,2,1480,-1593.01171875
1764,2,1482,-1593.01171875
1765,2,1484,-1593.01171875
1766,2,1486,-1593.01171875
1767,2,1488,-1593.01171875
1768,2,1490,-1593.01171875
1769,2,1492,-1593.01171875
1770,2,1494,-1593.01171875
1771,2,1496,-1593.01171875
1772,2,1498,-1593.01171875
1773,2,1500,-1593.01171875
1774,2,1502,-1593.01171875
1775,2,1504,-1593.01171875
1776,2,1506,-1593.01171875
1777,2,1508,-1593.01171875
1778,2,1510,-1593.01171875
1779,2,1512,-1593.01171875
1780,2,1514,-1593.01171875
1781,2,1516,-1593.01171875
1782,2,1518,-1593.01171875
1783,2,1520,-1593.01171875
1784,2,1522,-1593.01171875
1785,2,1524,-1593.01171875
1786,2,1526,-1593.01171875
1787,2,1528,-1593.01171875
1788,2,1530,-1593.01171875
1789,2,1532,-1593.01171875
1790,2,1534,-1593.01171875
1791,2,1536,-1593.01171875
1792,2,1538,-1593.01171875
1793,2,1540,-1593.01171875
1794,2,1542,-1593.01171875
1795,2,1544,-1593.01171875
1796,2,1546,-1593.01171875
1797,2,1548,-1593.01171875
1798,2,1550,-1593.01171875
1799,2,1552,-1593.01171875
1800,2,1554,-1593.01171875
1801,2,1556,-1593.01171875
1802,2,1558,-1593.01171875
1803,2,1560,-1593.01171875
1804,2,1562,-1593.01171875
1805,2,1564,-1593.01171875
1806,2,1566,-1593.01171875
1807,2,1568,-1593.01171875
1808,2,1570,-1593.01171875
1809,2,1572,-1593.01171875
1810,2,1574,-1593.01171875
1811,2,1576,-1593.01171875
1812,2,1578,-1593.01171875
1813,2,1580,-1593.01171875
1814,2,1582,-1593.01171875
1815,2,1584,-1593.01171875
1816,2,1586,-1593.01171875
1817,2,1588,-1593.01171875
1818,2,1590,-1593.01171875
1819,2,1592,-1593.01171875
1820,2,1594,-1593.01171875
1821,2,1596,-1593.01171875
1822,2,1598,-1593.01171875
1823,2,1600,-1593.01171875
1824,2,1602,-1593.01171875
1825,2,1604,-1593.01171875
1826,2,1606,-1593.01171875
1827,2,1608,-1593.01171875
1828,2,1610,-1593.01171875
1829,2,1612,-1593.01171875
1830,2,1614,-1593.01171875
1831,2,1616,-1593.01171875
1832,2,1618,-1593.01171875
1833,2,1620,-1593.01171875
1834,2,1622,-1593.01171875
1835,2,1624,-1593.01171875
1836,2,1626,-1593.01171875
1837,2,1628,-1593.01171875
1838,2,1630,-1593.01171875
1839,2,1632,-1593.01171875
1840,2,1634,-1593.01171875
1841,2,1636,-1593.01171875
1842,2,1638,-1593.01171875
1843,2,1640,-1593.01171875
1844,2,1642,-1593.01171875
1845,2,1644,-1593.01171875
1846,2,1646,-1593.01171875
1847,2,1648,-1593.01171875
1848,2,1650,-1593.01171875
1849,2,1652,-1593.01171875
1850,2,1654,-1593.01171875
1851,2,1656,-1593.01171875
1852,2,1658,-1593.01171875
1853,2,1660,-1593.01171875
1854,2,1662,-1593.01171875
1855,2,1664,-1593.01171875
1856,2,1666,-1593.01171875
1857,2,1668,-1593.01171875
1858,2,1670,-1593.01171875
1859,2,1672,-1593.01171875
1860,2,1674,-1593.01171875
1861,2,1676,-1593.01171875
1862,2,1678,-1593.01171875
1863,2,1680,-1593.01171875
1864,2,1682,-1593.01171875
1865,2,1684,-1593.01171875
1866,2,1686,-1593.01171875
1867,2,1688,-1593.01171875
1868,2,1690,-1593.01171875
1869,2,1692,-1593.01171875
1870,2,1694,-1593.01171875
1871,2,1696,-1593.01171875
1872,2,1698,-1593.01171875
1873,2,1700,-1593.01171875
1874,2,1702,-1593.01171875
1875,2,1704,-1593.01171875
1876,2,1706,-1593.01171875
1877,2,1708,-1593.01171875
1878,2,1710,-1593.01171875
1879,2,1712,-1593.01171875
1880,2,1714,-1593.01171875
1881,2,1716,-1593.01171875
1882,2,1718,-1593.01171875
1883,2,1720,-1593.01171875
1884,2,1722,-1593.01171875
1885,2,1724,-1593.01171875
1886,2,1726,-1593.01171875
1887,2,1728,-1593.01171875
1888,2,1730,-1593.01171875
1889,2,1732,-1593.01171875
1890,2,1734,-1593.01171875
1891,2,1736,-1593.01171875
1892,2,1738,-1593.01171875
1893,2,1740,-1593.01171875
1894,2,1742,-1593.01171875
1895,2,1744,-1593.01171875
1896,2,1746,-1593.01171875
1897,2,1748,-1593.01171875
1898,2,1750,-1593.01171875
1899,2,1752,-1593.01171875
1900,2,1754,-1593.01171875
1901,2,1756,-1593.01171875
1902,2,1758,-1593.01171875
1903,2,1760,-1593.01171875
1904,2,1762,-1593.01171875
1905,2,1764,-1593.01171875
1906,2,1766,-1593.01171875
1907,2,1768,-1593.01171875
1908,2,1770,-1593.01171875
1909,2,1772,-1593.01171875
1910,2,1774,-1593.01171875
1911,2,1776,-1593.01171875
1912,2,1778,-1593.01171875
1913,2,1780,-1593.01171875
1914,2,1782,-1593.01171875
1915,2,1784,-1593.01171875
1916,2,1786,-1593.01171875
1917,2,1788,-1593.01171875
1918,2,1790,-1593.01171875
1919,2,1792,-1593.01171875
1920,2,1794,-1593.01171875
1921,2,1796,-1593.01171875
1922,2,1798,-1593.01171875
1923,2,1800,-1593.01171875
1924,2,1802,-1593.01171875
1925,2,1804,-1593.01171875
1926,2,1806,-1593.01171875
1927,2,1808,-1593.01171875
1928,2,1810,-1593.01171875
1929,2,1812,-1593.01171875
1930,2,1814,-1593.01171875
1931,2,1816,-1593.01171875
1932,2,1818,-1593.01171875
1933,2,1820,-1593.01171875
1934,2,1822,-1593.01171875
1935,2,1824,-1593.01171875
1936,2,1826,-1593.01171875
1937,2,1828,-1593.01171875
1938,2,1830,-1593.01171875
1939,2,1832,-1593.01171875
1940,2,1834,-1593.01171875
1941,2,1836,-1593.01171875
1942,2,1838,-1593.01171875
1943,2,1840,-1593.01171875
1944,2,1842,-1593.01171875
1945,2,1844,-1593.01171875
1946,2,1846,-1593.01171875
1947,2,1848,-1593.01171875
1948,2,1850,-1593.01171875
1949,2,1852,-1593.01171875
1950,2,1854,-1593.01171875
1951,2,1856,-1593.01171875
1952,2,1858,-1593.01171875
1953,2,1860,-1593.01171875
1954,2,1862,-1593.01171875
1955,2,1864,-1593.01171875
1956,2,1866,-1593.01171875
1957,2,1868,-1593.01171875
1958,2,1870,-1593.01171875
1959,2,1872,-1593.01171875
1960,2,1874,-1593.01171875
1961,2,1876,-1593.01171875
1962,2,1878,-1593.01171875
1963,2,1880,-1593.01171875
1964,2,1882,-1593.01171875
1965,2,1884,-1593.01171875
1966,2,1886,-1593.01171875
1967,2,1888,-1593.01171875
1968,2,1890,-1593.01171875
1969,2,1892,-1593.01171875
1970,2,1894,-1593.01171875
1971,2,1896,-1593.01171875
1972,2,1898,-1593.01171875
1973,2,1900,-1593.01171875
1974,2,1902,-1593.01171875
1975,2,1904,-1593.01171875
1976,2,1906,-1593.01171875
1977,2,1908,-1593.01171875
1978,2,1910,-1593.01171875
1979,2,1912,-1593.01171875
1980,2,1914,-1593.01171875
1981,2,1916,-1593.01171875
1982,2,1918,-1593.01171875
1983,2,1920,-1593.01171875
1984,2,1922,-1593.01171875
1985,2,1924,-1593.01171875
1986,2,1926,-1593.01171875
1987,2,1928,-1593.01171875
1988,2,1930,-1593.01171875
1989,2,1932,-1593.01171875
1990,2,1934,-1593.01171875
1991,2,1936,-1593.01171875
1992,2,1938,-1593.01171875
1993,2,1940,-1593.01171875
1994,2,1942,-1593.01171875
1995,2,1944,-1593.01171875
1996,2,1946,-1593.01171875
1997,2,1948,-1593.01171875
1998,2,1950,-1593.01171875
1999,2,1952,-1593.01171875
2000,2,1954,-1593.01171875
2001,2,1956,-1593.01171875
2002,2,1958,-1593.01171875
2003,2,1960,-1593.01171875
2004,2,1962,-1593.01171875
2005,2,1964,-1593.01171875
2006,2,1966,-1593.01171875
2007,2,1968,-1593.01171875
2008,2,1970,-1593.01171875
2009,2,1972,-1593.01171875
2010,2,1974,-1593.01171875
2011,2,1976,-1593.01171875
2012,2,1978,-1593.01171875
2013,2,1980,-1593.01171875
2014,2,1982,-1593.01171875
2015,2,1984,-1593.01171875
2016,2,1986,-1593.01171875
2017,2,1988,-1593.01171875
2018,2,1990,-1593.01171875
2019,2,1992,-1593.01171875
2020,2,1994,-1593.01171875
2021,2,1996,-1593.01171875
2022,2,1998,-1593.01171875
2023,2,2000,-1593.01171875
2024,2,2002,-1593.01171875
2025,2,2004,-1593.01171875
2026,2,2006,-1593.01171875
2027,2,2008,-1593.01171875
2028,2,2010,-1593.01171875
2029,2,2012,-1593.01171875
2030,2,2014,-1593.01171875
2031,2,2016,-1593.01171875
2032,2,2018,-1593.01171875
2033,2,2020,-1593.01171875
2034,2,2022,-1593.01171875
2035,2,2024,-1593.01171875
2036,2,2026,-1593.01171875
2037,2,2028,-1593.01171875
2038,2,2030,-1593.01171875
2039,2,2032,-1593.01171875
2040,2,2034,-1593.01171875
2041,2,2036,-1593.01171875
2042,2,2038,-1593.01171875
2043,2,2040,-1593.01171875
2044,2,2042,-1593.01171875
2045,2,2044,-1593.01171875
2046,2,2046,-1593.01171875
2047,2,2048,-1593.01171875
