,num_iterations,updates,energy
0,1,1,-168.91796875
1,1,2,-168.91796875
2,1,3,-168.91796875
3,1,4,-168.91796875
4,1,5,-168.91796875
5,1,6,-171.703125
6,1,7,-171.703125
7,1,8,-171.703125
8,1,9,-171.703125
9,1,10,-171.703125
10,1,11,-171.703125
11,1,12,-171.703125
12,1,13,-171.703125
13,1,14,-171.703125
14,1,15,-171.703125
15,1,16,-171.703125
16,1,17,-172.76171875
17,1,18,-172.76171875
18,1,19,-172.76171875
19,1,20,-173.84375
20,1,21,-174.23046875
21,1,22,-174.23046875
22,1,23,-175.328125
23,1,24,-178.16796875
24,1,25,-178.16796875
25,1,26,-179.515625
26,1,27,-179.515625
27,1,28,-179.91796875
28,1,29,-179.91796875
29,1,30,-179.91796875
30,1,31,-179.91796875
31,1,32,-181.03125
32,1,33,-181.03125
33,1,34,-181.03125
34,1,35,-181.03125
35,1,36,-182.16796875
36,1,37,-182.16796875
37,1,38,-182.16796875
38,1,39,-185.0625
39,1,40,-186.41796875
40,1,41,-186.41796875
41,1,42,-186.41796875
42,1,43,-186.41796875
43,1,44,-187.578125
44,1,45,-187.578125
45,1,46,-187.578125
46,1,47,-187.578125
47,1,48,-187.578125
48,1,49,-187.578125
49,1,50,-187.578125
50,1,51,-190.51171875
51,1,52,-190.51171875
52,1,53,-190.51171875
53,1,54,-190.51171875
54,1,55,-190.51171875
55,1,56,-190.51171875
56,1,57,-190.51171875
57,1,58,-190.51171875
58,1,59,-190.51171875
59,1,60,-190.51171875
60,1,61,-190.921875
61,1,62,-190.921875
62,1,63,-193.88671875
63,1,64,-193.88671875
64,1,65,-193.88671875
65,1,66,-193.88671875
66,1,67,-193.88671875
67,1,68,-193.88671875
68,1,69,-193.88671875
69,1,70,-196.875
70,1,71,-196.875
71,1,72,-198.07421875
72,1,73,-198.07421875
73,1,74,-198.07421875
74,1,75,-201.09375
75,1,76,-201.09375
76,1,77,-201.09375
77,1,78,-201.09375
78,1,79,-201.54296875
79,1,80,-204.59375
80,1,81,-204.59375
81,1,82,-205.07421875
82,1,83,-205.07421875
83,1,84,-208.15625
84,1,85,-208.66796875
85,1,86,-208.66796875
86,1,87,-208.66796875
87,1,88,-208.66796875
88,1,89,-209.890625
89,1,90,-213.01171875
90,1,91,-216.15625
91,1,92,-216.15625
92,1,93,-216.15625
93,1,94,-216.15625
94,1,95,-216.15625
95,1,96,-216.15625
96,1,97,-216.15625
97,1,98,-216.69921875
98,1,99,-216.69921875
99,1,100,-216.69921875
100,1,101,-217.953125
101,1,102,-218.51171875
102,1,103,-218.51171875
103,1,104,-218.51171875
104,1,105,-218.51171875
105,1,106,-218.51171875
106,1,107,-218.51171875
107,1,108,-219.78125
108,1,109,-219.78125
109,1,110,-221.13671875
110,1,111,-221.703125
111,1,112,-221.703125
112,1,113,-221.703125
113,1,114,-221.703125
114,1,115,-221.703125
115,1,116,-222.29296875
116,1,117,-222.29296875
117,1,118,-222.29296875
118,1,119,-222.29296875
119,1,120,-225.515625
120,1,121,-225.515625
121,1,122,-225.515625
122,1,123,-225.515625
123,1,124,-228.76171875
124,1,125,-230.046875
125,1,126,-230.66796875
126,1,127,-233.953125
127,1,128,-235.32421875
128,1,129,-238.640625
129,1,130,-239.29296875
130,1,131,-240.6875
131,1,132,-244.04296875
132,1,133,-247.421875
133,1,134,-247.421875
134,1,135,-247.421875
135,1,136,-250.82421875
136,1,137,-252.265625
137,1,138,-255.69921875
138,1,139,-255.69921875
139,1,140,-255.69921875
140,1,141,-255.69921875
141,1,142,-255.69921875
142,1,143,-256.390625
143,1,144,-257.85546875
144,1,145,-257.85546875
145,1,146,-257.85546875
146,1,147,-257.85546875
147,1,148,-257.85546875
148,1,149,-257.85546875
149,1,150,-257.85546875
150,1,151,-257.85546875
151,1,152,-261.328125
152,1,153,-261.328125
153,1,154,-261.328125
154,1,155,-261.328125
155,1,156,-261.328125
156,1,157,-261.328125
157,1,158,-261.328125
158,1,159,-261.328125
159,1,160,-261.328125
160,1,161,-261.328125
161,1,162,-262.04296875
162,1,163,-262.04296875
163,1,164,-263.53125
164,1,165,-264.26171875
165,1,166,-265.546875
166,1,167,-269.07421875
167,1,168,-270.578125
168,1,169,-271.32421875
169,1,170,-272.09375
170,1,171,-273.60546875
171,1,172,-273.60546875
172,1,173,-273.60546875
173,1,174,-277.1875
174,1,175,-280.79296875
175,1,176,-282.34375
176,1,177,-282.34375
177,1,178,-282.34375
178,1,179,-282.34375
179,1,180,-285.98046875
180,1,181,-287.5625
181,1,182,-287.5625
182,1,183,-287.5625
183,1,184,-287.5625
184,1,185,-291.23046875
185,1,186,-291.23046875
186,1,187,-292.03125
187,1,188,-292.03125
188,1,189,-295.73046875
189,1,190,-297.03125
190,1,191,-297.03125
191,1,192,-297.03125
192,1,193,-297.03125
193,1,194,-297.03125
194,1,195,-300.76171875
195,1,196,-300.76171875
196,1,197,-302.09375
197,1,198,-302.09375
198,1,199,-302.09375
199,1,200,-305.85546875
200,1,201,-305.85546875
201,1,202,-305.85546875
202,1,203,-305.85546875
203,1,204,-305.85546875
204,1,205,-305.85546875
205,1,206,-305.85546875
206,1,207,-305.85546875
207,1,208,-305.85546875
208,1,209,-309.640625
209,1,210,-309.640625
210,1,211,-313.44921875
211,1,212,-317.28125
212,1,213,-317.28125
213,1,214,-317.28125
214,1,215,-317.28125
215,1,216,-317.28125
216,1,217,-317.28125
217,1,218,-317.28125
218,1,219,-317.28125
219,1,220,-318.66796875
220,1,221,-318.66796875
221,1,222,-320.296875
222,1,223,-320.296875
223,1,224,-320.296875
224,1,225,-321.69921875
225,1,226,-321.69921875
226,1,227,-321.69921875
227,1,228,-321.69921875
228,1,229,-321.69921875
229,1,230,-321.69921875
230,1,231,-321.69921875
231,1,232,-323.125
232,1,233,-324.57421875
233,1,234,-328.46875
234,1,235,-328.46875
235,1,236,-328.46875
236,1,237,-328.46875
237,1,238,-328.46875
238,1,239,-328.46875
239,1,240,-328.46875
240,1,241,-328.46875
241,1,242,-328.46875
242,1,243,-329.94921875
243,1,244,-329.94921875
244,1,245,-329.94921875
245,1,246,-329.94921875
246,1,247,-329.94921875
247,1,248,-329.94921875
248,1,249,-329.94921875
249,1,250,-329.94921875
250,1,251,-329.94921875
251,1,252,-329.94921875
252,1,253,-331.453125
253,1,254,-333.07421875
254,1,255,-333.07421875
255,1,256,-333.07421875
256,1,257,-333.07421875
257,1,258,-333.07421875
258,1,259,-333.07421875
259,1,260,-337.015625
260,1,261,-337.82421875
261,1,262,-337.82421875
262,1,263,-339.46875
263,1,264,-339.46875
264,1,265,-339.46875
265,1,266,-343.44921875
266,1,267,-343.44921875
267,1,268,-344.96875
268,1,269,-348.98046875
269,1,270,-348.98046875
270,1,271,-353.015625
271,1,272,-353.015625
272,1,273,-357.07421875
273,1,274,-357.07421875
274,1,275,-361.15625
275,1,276,-365.26171875
276,1,277,-365.26171875
277,1,278,-365.26171875
278,1,279,-366.84375
279,1,280,-368.54296875
280,1,281,-368.54296875
281,1,282,-368.54296875
282,1,283,-368.54296875
283,1,284,-368.54296875
284,1,285,-368.54296875
285,1,286,-368.54296875
286,1,287,-368.54296875
287,1,288,-368.54296875
288,1,289,-372.6875
289,1,290,-372.6875
290,1,291,-372.6875
291,1,292,-376.85546875
292,1,293,-377.71875
293,1,294,-378.60546875
294,1,295,-378.60546875
295,1,296,-378.60546875
296,1,297,-380.203125
297,1,298,-380.203125
298,1,299,-380.203125
299,1,300,-381.10546875
300,1,301,-381.10546875
301,1,302,-381.10546875
302,1,303,-381.10546875
303,1,304,-381.10546875
304,1,305,-381.10546875
305,1,306,-381.10546875
306,1,307,-381.10546875
307,1,308,-381.10546875
308,1,309,-381.10546875
309,1,310,-382.71875
310,1,311,-384.41796875
311,1,312,-386.046875
312,1,313,-390.29296875
313,1,314,-391.203125
314,1,315,-395.48046875
315,1,316,-395.48046875
316,1,317,-395.48046875
317,1,318,-399.78125
318,1,319,-399.78125
319,1,320,-399.78125
320,1,321,-399.78125
321,1,322,-401.51171875
322,1,323,-401.51171875
323,1,324,-401.51171875
324,1,325,-405.84375
325,1,326,-405.84375
326,1,327,-407.60546875
327,1,328,-407.60546875
328,1,329,-407.60546875
329,1,330,-407.60546875
330,1,331,-411.96875
331,1,332,-416.35546875
332,1,333,-417.3125
333,1,334,-417.3125
334,1,335,-418.29296875
335,1,336,-418.29296875
336,1,337,-418.29296875
337,1,338,-418.29296875
338,1,339,-418.29296875
339,1,340,-418.29296875
340,1,341,-419.296875
341,1,342,-423.73046875
342,1,343,-423.73046875
343,1,344,-425.515625
344,1,345,-425.515625
345,1,346,-425.515625
346,1,347,-426.54296875
347,1,348,-426.54296875
348,1,349,-426.54296875
349,1,350,-428.1875
350,1,351,-432.66796875
351,1,352,-437.171875
352,1,353,-438.85546875
353,1,354,-440.5625
354,1,355,-440.5625
355,1,356,-440.5625
356,1,357,-445.10546875
357,1,358,-445.10546875
358,1,359,-445.10546875
359,1,360,-445.10546875
360,1,361,-445.10546875
361,1,362,-445.10546875
362,1,363,-446.15625
363,1,364,-447.88671875
364,1,365,-447.88671875
365,1,366,-447.88671875
366,1,367,-447.88671875
367,1,368,-447.88671875
368,1,369,-449.671875
369,1,370,-451.41796875
370,1,371,-451.41796875
371,1,372,-451.41796875
372,1,373,-456.015625
373,1,374,-457.79296875
374,1,375,-457.79296875
375,1,376,-457.79296875
376,1,377,-458.84375
377,1,378,-459.91796875
378,1,379,-459.91796875
379,1,380,-459.91796875
380,1,381,-464.5625
381,1,382,-464.5625
382,1,383,-466.35546875
383,1,384,-467.453125
384,1,385,-472.13671875
385,1,386,-473.953125
386,1,387,-475.79296875
387,1,388,-475.79296875
388,1,389,-480.515625
389,1,390,-480.515625
390,1,391,-480.515625
391,1,392,-480.515625
392,1,393,-480.515625
393,1,394,-480.515625
394,1,395,-480.515625
395,1,396,-482.38671875
396,1,397,-482.38671875
397,1,398,-487.140625
398,1,399,-491.91796875
399,1,400,-491.91796875
400,1,401,-491.91796875
401,1,402,-491.91796875
402,1,403,-493.046875
403,1,404,-494.82421875
404,1,405,-494.82421875
405,1,406,-494.82421875
406,1,407,-494.82421875
407,1,408,-494.82421875
408,1,409,-494.82421875
409,1,410,-494.82421875
410,1,411,-494.82421875
411,1,412,-499.640625
412,1,413,-504.48046875
413,1,414,-504.48046875
414,1,415,-504.48046875
415,1,416,-506.390625
416,1,417,-506.390625
417,1,418,-511.26171875
418,1,419,-511.26171875
419,1,420,-511.26171875
420,1,421,-511.26171875
421,1,422,-516.15625
422,1,423,-517.98046875
423,1,424,-517.98046875
424,1,425,-517.98046875
425,1,426,-517.98046875
426,1,427,-517.98046875
427,1,428,-517.98046875
428,1,429,-517.98046875
429,1,430,-519.921875
430,1,431,-521.76171875
431,1,432,-521.76171875
432,1,433,-526.703125
433,1,434,-526.703125
434,1,435,-531.66796875
435,1,436,-531.66796875
436,1,437,-531.66796875
437,1,438,-532.828125
438,1,439,-534.69921875
439,1,440,-534.69921875
440,1,441,-535.875
441,1,442,-537.76171875
442,1,443,-537.76171875
443,1,444,-537.76171875
444,1,445,-537.76171875
445,1,446,-537.76171875
446,1,447,-537.76171875
447,1,448,-537.76171875
448,1,449,-537.76171875
449,1,450,-542.78125
450,1,451,-543.98046875
451,1,452,-543.98046875
452,1,453,-549.03125
453,1,454,-549.03125
454,1,455,-554.10546875
455,1,456,-556.0625
456,1,457,-558.04296875
457,1,458,-558.04296875
458,1,459,-558.04296875
459,1,460,-560.046875
460,1,461,-560.046875
461,1,462,-560.046875
462,1,463,-560.046875
463,1,464,-560.046875
464,1,465,-565.16796875
465,1,466,-570.3125
466,1,467,-570.3125
467,1,468,-570.3125
468,1,469,-570.3125
469,1,470,-570.3125
470,1,471,-575.48046875
471,1,472,-575.48046875
472,1,473,-575.48046875
473,1,474,-580.671875
474,1,475,-585.88671875
475,1,476,-591.125
476,1,477,-591.125
477,1,478,-591.125
478,1,479,-591.125
479,1,480,-591.125
480,1,481,-591.125
481,1,482,-591.125
482,1,483,-591.125
483,1,484,-596.38671875
484,1,485,-596.38671875
485,1,486,-596.38671875
486,1,487,-596.38671875
487,1,488,-596.38671875
488,1,489,-601.671875
489,1,490,-601.671875
490,1,491,-606.98046875
491,1,492,-606.98046875
492,1,493,-608.265625
493,1,494,-608.265625
494,1,495,-608.265625
495,1,496,-608.265625
496,1,497,-608.265625
497,1,498,-609.57421875
498,1,499,-614.921875
499,1,500,-614.921875
500,1,501,-614.921875
501,1,502,-620.29296875
502,1,503,-620.29296875
503,1,504,-620.29296875
504,1,505,-622.265625
505,1,506,-622.265625
506,1,507,-624.26171875
507,1,508,-626.28125
508,1,509,-631.69921875
509,1,510,-637.140625
510,1,511,-642.60546875
511,1,512,-642.60546875
512,1,513,-643.953125
513,1,514,-643.953125
514,1,515,-649.44921875
515,1,516,-654.96875
516,1,517,-660.51171875
517,1,518,-660.51171875
518,1,519,-660.51171875
519,1,520,-660.51171875
520,1,521,-662.625
521,1,522,-668.19921875
522,1,523,-670.28125
523,1,524,-670.28125
524,1,525,-671.66796875
525,1,526,-671.66796875
526,1,527,-671.66796875
527,1,528,-671.66796875
528,1,529,-671.66796875
529,1,530,-671.66796875
530,1,531,-671.66796875
531,1,532,-671.66796875
532,1,533,-671.66796875
533,1,534,-671.66796875
534,1,535,-671.66796875
535,1,536,-673.796875
536,1,537,-673.796875
537,1,538,-673.796875
538,1,539,-673.796875
539,1,540,-679.41796875
540,1,541,-679.41796875
541,1,542,-679.41796875
542,1,543,-681.515625
543,1,544,-681.515625
544,1,545,-682.91796875
545,1,546,-682.91796875
546,1,547,-682.91796875
547,1,548,-682.91796875
548,1,549,-688.578125
549,1,550,-688.578125
550,1,551,-694.26171875
551,1,552,-694.26171875
552,1,553,-699.96875
553,1,554,-705.69921875
554,1,555,-711.453125
555,1,556,-711.453125
556,1,557,-712.91796875
557,1,558,-712.91796875
558,1,559,-712.91796875
559,1,560,-712.91796875
560,1,561,-712.91796875
561,1,562,-715.09375
562,1,563,-715.09375
563,1,564,-715.09375
564,1,565,-715.09375
565,1,566,-715.09375
566,1,567,-717.23046875
567,1,568,-717.23046875
568,1,569,-717.23046875
569,1,570,-717.23046875
570,1,571,-717.23046875
571,1,572,-717.23046875
572,1,573,-723.03125
573,1,574,-725.19921875
574,1,575,-725.19921875
575,1,576,-725.19921875
576,1,577,-727.390625
577,1,578,-733.23046875
578,1,579,-733.23046875
579,1,580,-733.23046875
580,1,581,-733.23046875
581,1,582,-733.23046875
582,1,583,-733.23046875
583,1,584,-733.23046875
584,1,585,-733.23046875
585,1,586,-733.23046875
586,1,587,-733.23046875
587,1,588,-739.09375
588,1,589,-740.57421875
589,1,590,-740.57421875
590,1,591,-746.46875
591,1,592,-746.46875
592,1,593,-746.46875
593,1,594,-748.69921875
594,1,595,-748.69921875
595,1,596,-754.625
596,1,597,-754.625
597,1,598,-756.13671875
598,1,599,-756.13671875
599,1,600,-756.13671875
600,1,601,-762.09375
601,1,602,-764.29296875
602,1,603,-765.828125
603,1,604,-767.38671875
604,1,605,-767.38671875
605,1,606,-767.38671875
606,1,607,-767.38671875
607,1,608,-773.390625
608,1,609,-773.390625
609,1,610,-779.41796875
610,1,611,-781.671875
611,1,612,-781.671875
612,1,613,-787.73046875
613,1,614,-787.73046875
614,1,615,-787.73046875
615,1,616,-787.73046875
616,1,617,-787.73046875
617,1,618,-793.8125
618,1,619,-793.8125
619,1,620,-793.8125
620,1,621,-793.8125
621,1,622,-793.8125
622,1,623,-795.41796875
623,1,624,-795.41796875
624,1,625,-795.41796875
625,1,626,-795.41796875
626,1,627,-797.640625
627,1,628,-797.640625
628,1,629,-797.640625
629,1,630,-799.26171875
630,1,631,-799.26171875
631,1,632,-799.26171875
632,1,633,-799.26171875
633,1,634,-805.390625
634,1,635,-805.390625
635,1,636,-811.54296875
636,1,637,-813.828125
637,1,638,-816.07421875
638,1,639,-816.07421875
639,1,640,-816.07421875
640,1,641,-816.07421875
641,1,642,-816.07421875
642,1,643,-816.07421875
643,1,644,-818.375
644,1,645,-818.375
645,1,646,-824.57421875
646,1,647,-824.57421875
647,1,648,-830.796875
648,1,649,-830.796875
649,1,650,-830.796875
650,1,651,-830.796875
651,1,652,-830.796875
652,1,653,-830.796875
653,1,654,-830.796875
654,1,655,-832.44921875
655,1,656,-834.125
656,1,657,-836.44921875
657,1,658,-842.71875
658,1,659,-842.71875
659,1,660,-842.71875
660,1,661,-849.01171875
661,1,662,-851.28125
662,1,663,-852.98046875
663,1,664,-852.98046875
664,1,665,-855.328125
665,1,666,-855.328125
666,1,667,-855.328125
667,1,668,-855.328125
668,1,669,-855.328125
669,1,670,-857.69921875
670,1,671,-859.40625
671,1,672,-859.40625
672,1,673,-859.40625
673,1,674,-859.40625
674,1,675,-861.79296875
675,1,676,-868.15625
676,1,677,-874.54296875
677,1,678,-874.54296875
678,1,679,-876.28125
679,1,680,-878.04296875
680,1,681,-878.04296875
681,1,682,-880.453125
682,1,683,-880.453125
683,1,684,-880.453125
684,1,685,-880.453125
685,1,686,-882.23046875
686,1,687,-882.23046875
687,1,688,-884.46875
688,1,689,-884.46875
689,1,690,-890.91796875
690,1,691,-893.1875
691,1,692,-895.48046875
692,1,693,-895.48046875
693,1,694,-895.48046875
694,1,695,-895.48046875
695,1,696,-895.48046875
696,1,697,-895.48046875
697,1,698,-895.48046875
698,1,699,-895.48046875
699,1,700,-897.890625
700,1,701,-897.890625
701,1,702,-900.32421875
702,1,703,-900.32421875
703,1,704,-906.828125
704,1,705,-906.828125
705,1,706,-913.35546875
706,1,707,-913.35546875
707,1,708,-915.828125
708,1,709,-922.38671875
709,1,710,-924.171875
710,1,711,-930.76171875
711,1,712,-937.375
712,1,713,-937.375
713,1,714,-937.375
714,1,715,-937.375
715,1,716,-944.01171875
716,1,717,-944.01171875
717,1,718,-950.671875
718,1,719,-950.671875
719,1,720,-950.671875
720,1,721,-957.35546875
721,1,722,-964.0625
722,1,723,-970.79296875
723,1,724,-970.79296875
724,1,725,-970.79296875
725,1,726,-972.65625
726,1,727,-972.65625
727,1,728,-975.19921875
728,1,729,-981.96875
729,1,730,-981.96875
730,1,731,-984.54296875
731,1,732,-984.54296875
732,1,733,-986.421875
733,1,734,-986.421875
734,1,735,-986.421875
735,1,736,-993.23046875
736,1,737,-993.23046875
737,1,738,-993.23046875
738,1,739,-993.23046875
739,1,740,-993.23046875
740,1,741,-1000.0625
741,1,742,-1000.0625
742,1,743,-1000.0625
743,1,744,-1000.0625
744,1,745,-1000.0625
745,1,746,-1000.0625
746,1,747,-1000.0625
747,1,748,-1000.0625
748,1,749,-1000.0625
749,1,750,-1000.0625
750,1,751,-1002.41796875
751,1,752,-1002.41796875
752,1,753,-1002.41796875
753,1,754,-1002.41796875
754,1,755,-1002.41796875
755,1,756,-1002.41796875
756,1,757,-1009.28125
757,1,758,-1011.88671875
758,1,759,-1013.796875
759,1,760,-1013.796875
760,1,761,-1013.796875
761,1,762,-1013.796875
762,1,763,-1020.69921875
763,1,764,-1022.640625
764,1,765,-1029.57421875
765,1,766,-1029.57421875
766,1,767,-1029.57421875
767,1,768,-1029.57421875
768,1,769,-1029.57421875
769,1,770,-1029.57421875
770,1,771,-1029.57421875
771,1,772,-1036.53125
772,1,773,-1039.16796875
773,1,774,-1041.140625
774,1,775,-1041.140625
775,1,776,-1041.140625
776,1,777,-1043.51171875
777,1,778,-1050.515625
778,1,779,-1050.515625
779,1,780,-1053.16796875
780,1,781,-1053.16796875
781,1,782,-1060.203125
782,1,783,-1060.203125
783,1,784,-1060.203125
784,1,785,-1062.19921875
785,1,786,-1069.265625
786,1,787,-1069.265625
787,1,788,-1071.29296875
788,1,789,-1071.29296875
789,1,790,-1071.29296875
790,1,791,-1071.29296875
791,1,792,-1073.96875
792,1,793,-1073.96875
793,1,794,-1073.96875
794,1,795,-1073.96875
795,1,796,-1073.96875
796,1,797,-1076.01171875
797,1,798,-1078.078125
798,1,799,-1085.19921875
799,1,800,-1092.34375
800,1,801,-1094.44921875
801,1,802,-1094.44921875
802,1,803,-1101.625
803,1,804,-1103.76171875
804,1,805,-1110.96875
805,1,806,-1110.96875
806,1,807,-1110.96875
807,1,808,-1110.96875
808,1,809,-1110.96875
809,1,810,-1110.96875
810,1,811,-1118.19921875
811,1,812,-1118.19921875
812,1,813,-1118.19921875
813,1,814,-1118.19921875
814,1,815,-1118.19921875
815,1,816,-1118.19921875
816,1,817,-1118.19921875
817,1,818,-1118.19921875
818,1,819,-1125.453125
819,1,820,-1127.63671875
820,1,821,-1127.63671875
821,1,822,-1130.34375
822,1,823,-1137.63671875
823,1,824,-1139.84375
824,1,825,-1139.84375
825,1,826,-1147.16796875
826,1,827,-1149.90625
827,1,828,-1152.66796875
828,1,829,-1160.03125
829,1,830,-1160.03125
830,1,831,-1160.03125
831,1,832,-1162.26171875
832,1,833,-1165.046875
833,1,834,-1165.046875
834,1,835,-1165.046875
835,1,836,-1172.44921875
836,1,837,-1172.44921875
837,1,838,-1172.44921875
838,1,839,-1172.44921875
839,1,840,-1172.44921875
840,1,841,-1172.44921875
841,1,842,-1172.44921875
842,1,843,-1172.44921875
843,1,844,-1172.44921875
844,1,845,-1175.265625
845,1,846,-1178.10546875
846,1,847,-1178.10546875
847,1,848,-1178.10546875
848,1,849,-1178.10546875
849,1,850,-1185.546875
850,1,851,-1185.546875
851,1,852,-1185.546875
852,1,853,-1185.546875
853,1,854,-1185.546875
854,1,855,-1185.546875
855,1,856,-1188.41796875
856,1,857,-1188.41796875
857,1,858,-1188.41796875
858,1,859,-1195.890625
859,1,860,-1198.13671875
860,1,861,-1200.40625
861,1,862,-1203.29296875
862,1,863,-1203.29296875
863,1,864,-1210.8125
864,1,865,-1218.35546875
865,1,866,-1218.35546875
866,1,867,-1218.35546875
867,1,868,-1218.35546875
868,1,869,-1218.35546875
869,1,870,-1225.921875
870,1,871,-1228.85546875
871,1,872,-1236.453125
872,1,873,-1239.41796875
873,1,874,-1239.41796875
874,1,875,-1247.046875
875,1,876,-1247.046875
876,1,877,-1254.69921875
877,1,878,-1254.69921875
878,1,879,-1262.375
879,1,880,-1262.375
880,1,881,-1270.07421875
881,1,882,-1272.46875
882,1,883,-1272.46875
883,1,884,-1275.48046875
884,1,885,-1275.48046875
885,1,886,-1277.890625
886,1,887,-1277.890625
887,1,888,-1285.63671875
888,1,889,-1285.63671875
889,1,890,-1288.078125
890,1,891,-1288.078125
891,1,892,-1290.38671875
892,1,893,-1290.38671875
893,1,894,-1290.38671875
894,1,895,-1293.40625
895,1,896,-1296.44921875
896,1,897,-1298.890625
897,1,898,-1298.890625
898,1,899,-1301.94921875
899,1,900,-1301.94921875
900,1,901,-1305.03125
901,1,902,-1305.03125
902,1,903,-1312.85546875
903,1,904,-1315.15625
904,1,905,-1318.26171875
905,1,906,-1318.26171875
906,1,907,-1326.125
907,1,908,-1329.26171875
908,1,909,-1337.15625
909,1,910,-1337.15625
910,1,911,-1337.15625
911,1,912,-1340.32421875
912,1,913,-1342.640625
913,1,914,-1350.57421875
914,1,915,-1350.57421875
915,1,916,-1350.57421875
916,1,917,-1350.57421875
917,1,918,-1350.57421875
918,1,919,-1358.53125
919,1,920,-1358.53125
920,1,921,-1358.53125
921,1,922,-1358.53125
922,1,923,-1366.51171875
923,1,924,-1366.51171875
924,1,925,-1374.515625
925,1,926,-1374.515625
926,1,927,-1377.73046875
927,1,928,-1377.73046875
928,1,929,-1377.73046875
929,1,930,-1377.73046875
930,1,931,-1377.73046875
931,1,932,-1380.1875
932,1,933,-1380.1875
933,1,934,-1388.23046875
934,1,935,-1390.59375
935,1,936,-1390.59375
936,1,937,-1398.66796875
937,1,938,-1398.66796875
938,1,939,-1398.66796875
939,1,940,-1398.66796875
940,1,941,-1398.66796875
941,1,942,-1406.765625
942,1,943,-1406.765625
943,1,944,-1406.765625
944,1,945,-1414.88671875
945,1,946,-1417.390625
946,1,947,-1425.54296875
947,1,948,-1425.54296875
948,1,949,-1425.54296875
949,1,950,-1425.54296875
950,1,951,-1428.078125
951,1,952,-1428.078125
952,1,953,-1428.078125
953,1,954,-1428.078125
954,1,955,-1436.26171875
955,1,956,-1438.828125
956,1,957,-1447.04296875
957,1,958,-1447.04296875
958,1,959,-1447.04296875
959,1,960,-1447.04296875
960,1,961,-1455.28125
961,1,962,-1463.54296875
962,1,963,-1463.54296875
963,1,964,-1471.828125
964,1,965,-1471.828125
965,1,966,-1471.828125
966,1,967,-1471.828125
967,1,968,-1471.828125
968,1,969,-1475.10546875
969,1,970,-1475.10546875
970,1,971,-1483.421875
971,1,972,-1483.421875
972,1,973,-1491.76171875
973,1,974,-1491.76171875
974,1,975,-1491.76171875
975,1,976,-1491.76171875
976,1,977,-1491.76171875
977,1,978,-1500.125
978,1,979,-1500.125
979,1,980,-1503.44921875
980,1,981,-1511.84375
981,1,982,-1511.84375
982,1,983,-1511.84375
983,1,984,-1511.84375
984,1,985,-1511.84375
985,1,986,-1511.84375
986,1,987,-1511.84375
987,1,988,-1511.84375
988,1,989,-1515.19921875
989,1,990,-1515.19921875
990,1,991,-1523.625
991,1,992,-1532.07421875
992,1,993,-1534.71875
993,1,994,-1534.71875
994,1,995,-1534.71875
995,1,996,-1537.16796875
996,1,997,-1545.65625
997,1,998,-1548.32421875
998,1,999,-1548.32421875
999,1,1000,-1548.32421875
1000,1,1001,-1548.32421875
1001,1,1002,-1556.84375
1002,1,1003,-1556.84375
1003,1,1004,-1556.84375
1004,1,1005,-1556.84375
1005,1,1006,-1565.38671875
1006,1,1007,-1565.38671875
1007,1,1008,-1565.38671875
1008,1,1009,-1565.38671875
1009,1,1010,-1568.09375
1010,1,1011,-1570.57421875
1011,1,1012,-1570.57421875
1012,1,1013,-1570.57421875
1013,1,1014,-1573.078125
1014,1,1015,-1573.078125
1015,1,1016,-1573.078125
1016,1,1017,-1573.078125
1017,1,1018,-1573.078125
1018,1,1019,-1581.66796875
1019,1,1020,-1581.66796875
1020,1,1021,-1590.28125
1021,1,1022,-1593.01171875
1022,1,1023,-1593.01171875
1023,1,1024,-1593.01171875
1024,2,2,-1593.01171875
1025,2,4,-1593.01171875
1026,2,6,-1593.01171875
1027,2,8,-1593.01171875
1028,2,10,-1593.01171875
1029,2,12,-1593.01171875
1030,2,14,-1593.01171875
1031,2,16,-1593.01171875
1032,2,18,-1593.01171875
1033,2,20,-1593.01171875
1034,2,22,-1593.01171875
1035,2,24,-1593.01171875
1036,2,26,-1593.01171875
1037,2,28,-1593.01171875
1038,2,30,-1593.01171875
1039,2,32,-1593.01171875
1040,2,34,-1593.01171875
1041,2,36,-1593.01171875
1042,2,38,-1593.01171875
1043,2,40,-1593.01171875
1044,2,42,-1593.01171875
1045,2,44,-1593.01171875
1046,2,46,-1593.01171875
1047,2,48,-1593.01171875
1048,2,50,-1593.01171875
1049,2,52,-1593.01171875
1050,2,54,-1593.01171875
1051,2,56,-1593.01171875
1052,2,58,-1593.01171875
1053,2,60,-1593.01171875
1054,2,62,-1593.01171875
1055,2,64,-1593.01171875
1056,2,66,-1593.01171875
1057,2,68,-1593.01171875
1058,2,70,-1593.01171875
1059,2,72,-1593.01171875
1060,2,74,-1593.01171875
1061,2,76,-1593.01171875
1062,2,78,-1593.01171875
1063,2,80,-1593.01171875
1064,2,82,-1593.01171875
1065,2,84,-1593.01171875
1066,2,86,-1593.01171875
1067,2,88,-1593.01171875
1068,2,90,-1593.01171875
1069,2,92,-1593.01171875
1070,2,94,-1593.01171875
1071,2,96,-1593.01171875
1072,2,98,-1593.01171875
1073,2,100,-1593.01171875
1074,2,102,-1593.01171875
1075,2,104,-1593.01171875
1076,2,106,-1593.01171875
1077,2,108,-1593.01171875
1078,2,110,-1593.01171875
1079,2,112,-1593.01171875
1080,2,114,-1593.01171875
1081,2,116,-1593.01171875
1082,2,118,-1593.01171875
1083,2,120,-1593.01171875
1084,2,122,-1593.01171875
1085,2,124,-1593.01171875
1086,2,126,-1593.01171875
1087,2,128,-1593.01171875
1088,2,130,-1593.01171875
1089,2,132,-1593.01171875
1090,2,134,-1593.01171875
1091,2,136,-1593.01171875
1092,2,138,-1593.01171875
1093,2,140,-1593.01171875
1094,2,142,-1593.01171875
1095,2,144,-1593.01171875
1096,2,146,-1593.01171875
1097,2,148,-1593.01171875
1098,2,150,-1593.01171875
1099,2,152,-1593.01171875
1100,2,154,-1593.01171875
1101,2,156,-1593.01171875
1102,2,158,-1593.01171875
1103,2,160,-1593.01171875
1104,2,162,-1593.01171875
1105,2,164,-1593.01171875
1106,2,166,-1593.01171875
1107,2,168,-1593.01171875
1108,2,170,-1593.01171875
1109,2,172,-1593.01171875
1110,2,174,-1593.01171875
1111,2,176,-1593.01171875
1112,2,178,-1593.01171875
1113,2,180,-1593.01171875
1114,2,182,-1593.01171875
1115,2,184,-1593.01171875
1116,2,186,-1593.01171875
1117,2,188,-1593.01171875
1118,2,190,-1593.01171875
1119,2,192,-1593.01171875
1120,2,194,-1593.01171875
1121,2,196,-1593.01171875
1122,2,198,-1593.01171875
1123,2,200,-1593.01171875
1124,2,202,-1593.01171875
1125,2,204,-1593.01171875
1126,2,206,-1593.01171875
1127,2,208,-1593.01171875
1128,2,210,-1593.01171875
1129,2,212,-1593.01171875
1130,2,214,-1593.01171875
1131,2,216,-1593.01171875
1132,2,218,-1593.01171875
1133,2,220,-1593.01171875
1134,2,222,-1593.01171875
1135,2,224,-1593.01171875
1136,2,226,-1593.01171875
1137,2,228,-1593.01171875
1138,2,230,-1593.01171875
1139,2,232,-1593.01171875
1140,2,234,-1593.01171875
1141,2,236,-1593.01171875
1142,2,238,-1593.01171875
1143,2,240,-1593.01171875
1144,2,242,-1593.01171875
1145,2,244,-1593.01171875
1146,2,246,-1593.01171875
1147,2,248,-1593.01171875
1148,2,250,-1593.01171875
1149,2,252,-1593.01171875
1150,2,254,-1593.01171875
1151,2,256,-1593.01171875
1152,2,258,-1593.01171875
1153,2,260,-1593.01171875
1154,2,262,-1593.01171875
1155,2,264,-1593.01171875
1156,2,266,-1593.01171875
1157,2,268,-1593.01171875
1158,2,270,-1593.01171875
1159,2,272,-1593.01171875
1160,2,274,-1593.01171875
1161,2,276,-1593.01171875
1162,2,278,-1593.01171875
1163,2,280,-1593.01171875
1164,2,282,-1593.01171875
1165,2,284,-1593.01171875
1166,2,286,-1593.01171875
1167,2,288,-1593.01171875
1168,2,290,-1593.01171875
1169,2,292,-1593.01171875
1170,2,294,-1593.01171875
1171,2,296,-1593.01171875
1172,2,298,-1593.01171875
1173,2,300,-1593.01171875
1174,2,302,-1593.01171875
1175,2,304,-1593.01171875
1176,2,306,-1593.01171875
1177,2,308,-1593.01171875
1178,2,310,-1593.01171875
1179,2,312,-1593.01171875
1180,2,314,-1593.01171875
1181,2,316,-1593.01171875
1182,2,318,-1593.01171875
1183,2,320,-1593.01171875
1184,2,322,-1593.01171875
1185,2,324,-1593.01171875
1186,2,326,-1593.01171875
1187,2,328,-1593.01171875
1188,2,330,-1593.01171875
1189,2,332,-1593.01171875
1190,2,334,-1593.01171875
1191,2,336,-1593.01171875
1192,2,338,-1593.01171875
1193,2,340,-1593.01171875
1194,2,342,-1593.01171875
1195,2,344,-1593.01171875
1196,2,346,-1593.01171875
1197,2,348,-1593.01171875
1198,2,350,-1593.01171875
1199,2,352,-1593.01171875
1200,2,354,-1593.01171875
1201,2,356,-1593.01171875
1202,2,358,-1593.01171875
1203,2,360,-1593.01171875
1204,2,362,-1593.01171875
1205,2,364,-1593.01171875
1206,2,366,-1593.01171875
1207,2,368,-1593.01171875
1208,2,370,-1593.01171875
1209,2,372,-1593.01171875
1210,2,374,-1593.01171875
1211,2,376,-1593.01171875
1212,2,378,-1593.01171875
1213,2,380,-1593.01171875
1214,2,382,-1593.01171875
1215,2,384,-1593.01171875
1216,2,386,-1593.01171875
1217,2,388,-1593.01171875
1218,2,390,-1593.01171875
1219,2,392,-1593.01171875
1220,2,394,-1593.01171875
1221,2,396,-1593.01171875
1222,2,398,-1593.01171875
1223,2,400,-1593.01171875
1224,2,402,-1593.01171875
1225,2,404,-1593.01171875
1226,2,406,-1593.01171875
1227,2,408,-1593.01171875
1228,2,410,-1593.01171875
1229,2,412,-1593.01171875
1230,2,414,-1593.01171875
1231,2,416,-1593.01171875
1232,2,418,-1593.01171875
1233,2,420,-1593.01171875
1234,2,422,-1593.01171875
1235,2,424,-1593.01171875
1236,2,426,-1593.01171875
1237,2,428,-1593.01171875
1238,2,430,-1593.01171875
1239,2,432,-1593.01171875
1240,2,434,-1593.01171875
1241,2,436,-1593.01171875
1242,2,438,-1593.01171875
1243,2,440,-1593.01171875
1244,2,442,-1593.01171875
1245,2,444,-1593.01171875
1246,2,446,-1593.01171875
1247,2,448,-1593.01171875
1248,2,450,-1593.01171875
1249,2,452,-1593.01171875
1250,2,454,-1593.01171875
1251,2,456,-1593.01171875
1252,2,458,-1593.01171875
1253,2,460,-1593.01171875
1254,2,462,-1593.01171875
1255,2,464,-1593.01171875
1256,2,466,-1593.01171875
1257,2,468,-1593.01171875
1258,2,470,-1593.01171875
1259,2,472,-1593.01171875
1260,2,474,-1593.01171875
1261,2,476,-1593.01171875
1262,2,478,-1593.01171875
1263,2,480,-1593.01171875
1264,2,482,-1593.01171875
1265,2,484,-1593.01171875
1266,2,486,-1593.01171875
1267,2,488,-1593.01171875
1268,2,490,-1593.01171875
1269,2,492,-1593.01171875
1270,2,494,-1593.01171875
1271,2,496,-1593.01171875
1272,2,498,-1593.01171875
1273,2,500,-1593.01171875
1274,2,502,-1593.01171875
1275,2,504,-1593.01171875
1276,2,506,-1593.01171875
1277,2,508,-1593.01171875
1278,2,510,-1593.01171875
1279,2,512,-1593.01171875
1280,2,514,-1593.01171875
1281,2,516,-1593.01171875
1282,2,518,-1593.01171875
1283,2,520,-1593.01171875
1284,2,522,-1593.01171875
1285,2,524,-1593.01171875
1286,2,526,-1593.01171875
1287,2,528,-1593.01171875
1288,2,530,-1593.01171875
1289,2,532,-1593.01171875
1290,2,534,-1593.01171875
1291,2,536,-1593.01171875
1292,2,538,-1593.01171875
1293,2,540,-1593.01171875
1294,2,542,-1593.01171875
1295,2,544,-1593.01171875
1296,2,546,-1593.01171875
1297,2,548,-1593.01171875
1298,2,550,-1593.01171875
1299,2,552,-1593.01171875
1300,2,554,-1593.01171875
1301,2,556,-1593.01171875
1302,2,558,-1593.01171875
1303,2,560,-1593.01171875
1304,2,562,-1593.01171875
1305,2,564,-1593.01171875
1306,2,566,-1593.01171875
1307,2,568,-1593.01171875
1308,2,570,-1593.01171875
1309,2,572,-1593.01171875
1310,2,574,-1593.01171875
1311,2,576,-1593.01171875
1312,2,578,-1593.01171875
1313,2,580,-1593.01171875
1314,2,582,-1593.01171875
1315,2,584,-1593.01171875
1316,2,586,-1593.01171875
1317,2,588,-1593.01171875
1318,2,590,-1593.01171875
1319,2,592,-1593.01171875
1320,2,594,-1593.01171875
1321,2,596,-1593.01171875
1322,2,598,-1593.01171875
1323,2,600,-1593.01171875
1324,2,602,-1593.01171875
1325,2,604,-1593.01171875
1326,2,606,-1593.01171875
1327,2,608,-1593.01171875
1328,2,610,-1593.01171875
1329,2,612,-1593.01171875
1330,2,614,-1593.01171875
1331,2,616,-1593.01171875
1332,2,618,-1593.01171875
1333,2,620,-1593.01171875
1334,2,622,-1593.01171875
1335,2,624,-1593.01171875
1336,2,626,-1593.01171875
1337,2,628,-1593.01171875
1338,2,630,-1593.01171875
1339,2,632,-1593.01171875
1340,2,634,-1593.01171875
1341,2,636,-1593.01171875
1342,2,638,-1593.01171875
1343,2,640,-1593.01171875
1344,2,642,-1593.01171875
1345,2,644,-1593.01171875
1346,2,646,-1593.01171875
1347,2,648,-1593.01171875
1348,2,650,-1593.01171875
1349,2,652,-1593.01171875
1350,2,654,-1593.01171875
1351,2,656,-1593.01171875
1352,2,658,-1593.01171875
1353,2,660,-1593.01171875
1354,2,662,-1593.01171875
1355,2,664,-1593.01171875
1356,2,666,-1593.01171875
1357,2,668,-1593.01171875
1358,2,670,-1593.01171875
1359,2,672,-1593.01171875
1360,2,674,-1593.01171875
1361,2,676,-1593.01171875
1362,2,678,-1593.01171875
1363,2,680,-1593.01171875
1364,2,682,-1593.01171875
1365,2,684,-1593.01171875
1366,2,686,-1593.01171875
1367,2,688,-1593.01171875
1368,2,690,-1593.01171875
1369,2,692,-1593.01171875
1370,2,694,-1593.01171875
1371,2,696,-1593.01171875
1372,2,698,-1593.01171875
1373,2,700,-1593.01171875
1374,2,702,-1593.01171875
1375,2,704,-1593.01171875
1376,2,706,-1593.01171875
1377,2,708,-1593.01171875
1378,2,710,-1593.01171875
1379,2,712,-1593.01171875
1380,2,714,-1593.01171875
1381,2,716,-1593.01171875
1382,2,718,-1593.01171875
1383,2,720,-1593.01171875
1384,2,722,-1593.01171875
1385,2,724,-1593.01171875
1386,2,726,-1593.01171875
1387,2,728,-1593.01171875
1388,2,730,-1593.01171875
1389,2,732,-1593.01171875
1390,2,734,-1593.01171875
1391,2,736,-1593.01171875
1392,2,738,-1593.01171875
1393,2,740,-1593.01171875
1394,2,742,-1593.01171875
1395,2,744,-1593.01171875
1396,2,746,-1593.01171875
1397,2,748,-1593.01171875
1398,2,750,-1593.01171875
1399,2,752,-1593.01171875
1400,2,754,-1593.01171875
1401,2,756,-1593.01171875
1402,2,758,-1593.01171875
1403,2,760,-1593.01171875
1404,2,762,-1593.01171875
1405,2,764,-1593.01171875
1406,2,766,-1593.01171875
1407,2,768,-1593.01171875
1408,2,770,-1593.01171875
1409,2,772,-1593.01171875
1410,2,774,-1593.01171875
1411,2,776,-1593.01171875
1412,2,778,-1593.01171875
1413,2,780,-1593.01171875
1414,2,782,-1593.01171875
1415,2,784,-1593.01171875
1416,2,786,-1593.01171875
1417,2,788,-1593.01171875
1418,2,790,-1593.01171875
1419,2,792,-1593.01171875
1420,2,794,-1593.01171875
1421,2,796,-1593.01171875
1422,2,798,-1593.01171875
1423,2,800,-1593.01171875
1424,2,802,-1593.01171875
1425,2,804,-1593.01171875
1426,2,806,-1593.01171875
1427,2,808,-1593.01171875
1428,2,810,-1593.01171875
1429,2,812,-1593.01171875
1430,2,814,-1593.01171875
1431,2,816,-1593.01171875
1432,2,818,-1593.01171875
1433,2,820,-1593.01171875
1434,2,822,-1593.01171875
1435,2,824,-1593.01171875
1436,2,826,-1593.01171875
1437,2,828,-1593.01171875
1438,2,830,-1593.01171875
1439,2,832,-1593.01171875
1440,2,834,-1593.01171875
1441,2,836,-1593.01171875
1442,2,838,-1593.01171875
1443,2,840,-1593.01171875
1444,2,842,-1593.01171875
1445,2,844,-1593.01171875
1446,2,846,-1593.01171875
1447,2,848,-1593.01171875
1448,2,850,-1593.01171875
1449,2,852,-1593.01171875
1450,2,854,-1593.01171875
1451,2,856,-1593.01171875
1452,2,858,-1593.01171875
1453,2,860,-1593.01171875
1454,2,862,-1593.01171875
1455,2,864,-1593.01171875
1456,2,866,-1593.01171875
1457,2,868,-1593.01171875
1458,2,870,-1593.01171875
1459,2,872,-1593.01171875
1460,2,874,-1593.01171875
1461,2,876,-1593.01171875
1462,2,878,-1593.01171875
1463,2,880,-1593.01171875
1464,2,882,-1593.01171875
1465,2,884,-1593.01171875
1466,2,886,-1593.01171875
1467,2,888,-1593.01171875
1468,2,890,-1593.01171875
1469,2,892,-1593.01171875
1470,2,894,-1593.01171875
1471,2,896,-1593.01171875
1472,2,898,-1593.01171875
1473,2,900,-1593.01171875
1474,2,902,-1593.01171875
1475,2,904,-1593.01171875
1476,2,906,-1593.01171875
1477,2,908,-1593.01171875
1478,2,910,-1593.01171875
1479,2,912,-1593.01171875
1480,2,914,-1593.01171875
1481,2,916,-1593.01171875
1482,2,918,-1593.01171875
1483,2,920,-1593.01171875
1484,2,922,-1593.01171875
1485,2,924,-1593.01171875
1486,2,926,-1593.01171875
1487,2,928,-1593.01171875
1488,2,930,-1593.01171875
1489,2,932,-1593.01171875
1490,2,934,-1593.01171875
1491,2,936,-1593.01171875
1492,2,938,-1593.01171875
1493,2,940,-1593.01171875
1494,2,942,-1593.01171875
1495,2,944,-1593.01171875
1496,2,946,-1593.01171875
1497,2,948,-1593.01171875
1498,2,950,-1593.01171875
1499,2,952,-1593.01171875
1500,2,954,-1593.01171875
1501,2,956,-1593.01171875
1502,2,958,-1593.01171875
1503,2,960,-1593.01171875
1504,2,962,-1593.01171875
1505,2,964,-1593.01171875
1506,2,966,-1593.01171875
1507,2,968,-1593.01171875
1508,2,970,-1593.01171875
1509,2,972,-1593.01171875
1510,2,974,-1593.01171875
1511,2,976,-1593.01171875
1512,2,978,-1593.01171875
1513,2,980,-1593.01171875
1514,2,982,-1593.01171875
1515,2,984,-1593.01171875
1516,2,986,-1593.01171875
1517,2,988,-1593.01171875
1518,2,990,-1593.01171875
1519,2,992,-1593.01171875
1520,2,994,-1593.01171875
1521,2,996,-1593.01171875
1522,2,998,-1593.01171875
1523,2,1000,-1593.01171875
1524,2,1002,-1593.01171875
1525,2,1004,-1593.01171875
1526,2,1006,-1593.01171875
1527,2,1008,-1593.01171875
1528,2,1010,-1593.01171875
1529,2,1012,-1593.01171875
1530,2,1014,-1593.01171875
1531,2,1016,-1593.01171875
1532,2,1018,-1593.01171875
1533,2,1020,-1593.01171875
1534,2,1022,-1593.01171875
1535,2,1024,-1593.01171875
1536,2,1026,-1593.01171875
1537,2,1028,-1593.01171875
1538,2,1030,-1593.01171875
1539,2,1032,-1593.01171875
1540,2,1034,-1593.01171875
1541,2,1036,-1593.01171875
1542,2,1038,-1593.01171875
1543,2,1040,-1593.01171875
1544,2,1042,-1593.01171875
1545,2,1044,-1593.01171875
1546,2,1046,-1593.01171875
1547,2,1048,-1593.01171875
1548,2,1050,-1593.01171875
1549,2,1052,-1593.01171875
1550,2,1054,-1593.01171875
1551,2,1056,-1593.01171875
1552,2,1058,-1593.01171875
1553,2,1060,-1593.01171875
1554,2,1062,-1593.01171875
1555,2,1064,-1593.01171875
1556,2,1066,-1593.01171875
1557,2,1068,-1593.01171875
1558,2,1070,-1593.01171875
1559,2,1072,-1593.01171875
1560,2,1074,-1593.01171875
1561,2,1076,-1593.01171875
1562,2,1078,-1593.01171875
1563,2,1080,-1593.01171875
1564,2,1082,-1593.01171875
1565,2,1084,-1593.01171875
1566,2,1086,-1593.01171875
1567,2,1088,-1593.01171875
1568,2,1090,-1593.01171875
1569,2,1092,-1593.01171875
1570,2,1094,-1593.01171875
1571,2,1096,-1593.01171875
1572,2,1098,-1593.01171875
1573,2,1100,-1593.01171875
1574,2,1102,-1593.01171875
1575,2,1104,-1593.01171875
1576,2,1106,-1593.01171875
1577,2,1108,-1593.01171875
1578,2,1110,-1593.01171875
1579,2,1112,-1593.01171875
1580,2,1114,-1593.01171875
1581,2,1116,-1593.01171875
1582,2,1118,-1593.01171875
1583,2,1120,-1593.01171875
1584,2,1122,-1593.01171875
1585,2,1124,-1593.01171875
1586,2,1126,-1593.01171875
1587,2,1128,-1593.01171875
1588,2,1130,-1593.01171875
1589,2,1132,-1593.01171875
1590,2,1134,-1593.01171875
1591,2,1136,-1593.01171875
1592,2,1138,-1593.01171875
1593,2,1140,-1593.01171875
1594,2,1142,-1593.01171875
1595,2,1144,-1593.01171875
1596,2,1146,-1593.01171875
1597,2,1148,-1593.01171875
1598,2,1150,-1593.01171875
1599,2,1152,-1593.01171875
1600,2,1154,-1593.01171875
1601,2,1156,-1593.01171875
1602,2,1158,-1593.01171875
1603,2,1160,-1593.01171875
1604,2,1162,-1593.01171875
1605,2,1164,-1593.01171875
1606,2,1166,-1593.01171875
1607,2,1168,-1593.01171875
1608,2,1170,-1593.01171875
1609,2,1172,-1593.01171875
1610,2,1174,-1593.01171875
1611,2,1176,-1593.01171875
1612,2,1178,-1593.01171875
1613,2,1180,-1593.01171875
1614,2,1182,-1593.01171875
1615,2,1184,-1593.01171875
1616,2,1186,-1593.01171875
1617,2,1188,-1593.01171875
1618,2,1190,-1593.01171875
1619,2,1192,-1593.01171875
1620,2,1194,-1593.01171875
1621,2,1196,-1593.01171875
1622,2,1198,-1593.01171875
1623,2,1200,-1593.01171875
1624,2,1202,-1593.01171875
1625,2,1204,-1593.01171875
1626,2,1206,-1593.01171875
1627,2,1208,-1593.01171875
1628,2,1210,-1593.01171875
1629,2,1212,-1593.01171875
1630,2,1214,-1593.01171875
1631,2,1216,-1593.01171875
1632,2,1218,-1593.01171875
1633,2,1220,-1593.01171875
1634,2,1222,-1593.01171875
1635,2,1224,-1593.01171875
1636,2,1226,-1593.01171875
1637,2,1228,-1593.01171875
1638,2,1230,-1593.01171875
1639,2,1232,-1593.01171875
1640,2,1234,-1593.01171875
1641,2,1236,-1593.01171875
1642,2,1238,-1593.01171875
1643,2,1240,-1593.01171875
1644,2,1242,-1593.01171875
1645,2,1244,-1593.01171875
1646,2,1246,-1593.01171875
1647,2,1248,-1593.01171875
1648,2,1250,-1593.01171875
1649,2,1252,-1593.01171875
1650,2,1254,-1593.01171875
1651,2,1256,-1593.01171875
1652,2,1258,-1593.01171875
1653,2,1260,-1593.01171875
1654,2,1262,-1593.01171875
1655,2,1264,-1593.01171875
1656,2,1266,-1593.01171875
1657,2,1268,-1593.01171875
1658,2,1270,-1593.01171875
1659,2,1272,-1593.01171875
1660,2,1274,-1593.01171875
1661,2,1276,-1593.01171875
1662,2,1278,-1593.01171875
1663,2,1280,-1593.01171875
1664,2,1282,-1593.01171875
1665,2,1284,-1593.01171875
1666,2,1286,-1593.01171875
1667,2,1288,-1593.01171875
1668,2,1290,-1593.01171875
1669,2,1292,-1593.01171875
1670,2,1294,-1593.01171875
1671,2,1296,-1593.01171875
1672,2,1298,-1593.01171875
1673,2,1300,-1593.01171875
1674,2,1302,-1593.01171875
1675,2,1304,-1593.01171875
1676,2,1306,-1593.01171875
1677,2,1308,-1593.01171875
1678,2,1310,-1593.01171875
1679,2,1312,-1593.01171875
1680,2,1314,-1593.01171875
1681,2,1316,-1593.01171875
1682,2,1318,-1593.01171875
1683,2,1320,-1593.01171875
1684,2,1322,-1593.01171875
1685,2,1324,-1593.01171875
1686,2,1326,-1593.01171875
1687,2,1328,-1593.01171875
1688,2,1330,-1593.01171875
1689,2,1332,-1593.01171875
1690,2,1334,-1593.01171875
1691,2,1336,-1593.01171875
1692,2,1338,-1593.01171875
1693,2,1340,-1593.01171875
1694,2,1342,-1593.01171875
1695,2,1344,-1593.01171875
1696,2,1346,-1593.01171875
1697,2,1348,-1593.01171875
1698,2,1350,-1593.01171875
1699,2,1352,-1593.01171875
1700,2,1354,-1593.01171875
1701,2,1356,-1593.01171875
1702,2,1358,-1593.01171875
1703,2,1360,-1593.01171875
1704,2,1362,-1593.01171875
1705,2,1364,-1593.01171875
1706,2,1366,-1593.01171875
1707,2,1368,-1593.01171875
1708,2,1370,-1593.01171875
1709,2,1372,-1593.01171875
1710,2,1374,-1593.01171875
1711,2,1376,-1593.01171875
1712,2,1378,-1593.01171875
1713,2,1380,-1593.01171875
1714,2,1382,-1593.01171875
1715,2,1384,-1593.01171875
1716,2,1386,-1593.01171875
1717,2,1388,-1593.01171875
1718,2,1390,-1593.01171875
1719,2,1392,-1593.01171875
1720,2,1394,-1593.01171875
1721,2,1396,-1593.01171875
1722,2,1398,-1593.01171875
1723,2,1400,-1593.01171875
1724,2,1402,-1593.01171875
1725,2,1404,-1593.01171875
1726,2,1406,-1593.01171875
1727,2,1408,-1593.01171875
1728,2,1410,-1593.01171875
1729,2,1412,-1593.01171875
1730,2,1414,-1593.01171875
1731,2,1416,-1593.01171875
1732,2,1418,-1593.01171875
1733,2,1420,-1593.01171875
1734,2,1422,-1593.01171875
1735,2,1424,-1593.01171875
1736,2,1426,-1593.01171875
1737,2,1428,-1593.01171875
1738,2,1430,-1593.01171875
1739,2,1432,-1593.01171875
1740,2,1434,-1593.01171875
1741,2,1436,-1593.01171875
1742,2,1438,-1593.01171875
1743,2,1440,-1593.01171875
1744,2,1442,-1593.01171875
1745,2,1444,-1593.01171875
1746,2,1446,-1593.01171875
1747,2,1448,-1593.01171875
1748,2,1450,-1593.01171875
1749,2,1452,-1593.01171875
1750,2,1454,-1593.01171875
1751,2,1456,-1593.01171875
1752,2,1458,-1593.01171875
1753,2,1460,-1593.01171875
1754,2,1462,-1593.01171875
1755,2,1464,-1593.01171875
1756,2,1466,-1593.01171875
1757,2,1468,-1593.01171875
1758,2,1470,-1593.01171875
1759,2,1472,-1593.01171875
1760,2,1474,-1593.01171875
1761,2,1476,-1593.01171875
1762,2,1478,-1593.01171875
1763,2,1480,-1593.01171875
1764,2,1482,-1593.01171875
1765,2,1484,-1593.01171875
1766,2,1486,-1593.01171875
1767,2,1488,-1593.01171875
1768,2,1490,-1593.01171875
1769,2,1492,-1593.01171875
1770,2,1494,-1593.01171875
1771,2,1496,-1593.01171875
1772,2,1498,-1593.01171875
1773,2,1500,-1593.01171875
1774,2,1502,-1593.01171875
1775,2,1504,-1593.01171875
1776,2,1506,-1593.01171875
1777,2,1508,-1593.01171875
1778,2,1510,-1593.01171875
1779,2,1512,-1593.01171875
1780,2,1514,-1593.01171875
1781,2,1516,-1593.01171875
1782,2,1518,-1593.01171875
1783,2,1520,-1593.01171875
1784,2,1522,-1593.01171875
1785,2,1524,-1593.01171875
1786,2,1526,-1593.01171875
1787,2,1528,-1593.01171875
1788,2,1530,-1593.01171875
1789,2,1532,-1593.01171875
1790,2,1534,-1593.01171875
1791,2,1536,-1593.01171875
1792,2,1538,-1593.01171875
1793,2,1540,-1593.01171875
1794,2,1542,-1593.01171875
1795,2,1544,-1593.01171875
1796,2,1546,-1593.01171875
1797,2,1548,-1593.01171875
1798,2,1550,-1593.01171875
1799,2,1552,-1593.01171875
1800,2,1554,-1593.01171875
1801,2,1556,-1593.01171875
1802,2,1558,-1593.01171875
1803,2,1560,-1593.01171875
1804,2,1562,-1593.01171875
1805,2,1564,-1593.01171875
1806,2,1566,-1593.01171875
1807,2,1568,-1593.01171875
1808,2,1570,-1593.01171875
1809,2,1572,-1593.01171875
1810,2,1574,-1593.01171875
1811,2,1576,-1593.01171875
1812,2,1578,-1593.01171875
1813,2,1580,-1593.01171875
1814,2,1582,-1593.01171875
1815,2,1584,-1593.01171875
1816,2,1586,-1593.01171875
1817,2,1588,-1593.01171875
1818,2,1590,-1593.01171875
1819,2,1592,-1593.01171875
1820,2,1594,-1593.01171875
1821,2,1596,-1593.01171875
1822,2,1598,-1593.01171875
1823,2,1600,-1593.01171875
1824,2,1602,-1593.01171875
1825,2,1604,-1593.01171875
1826,2,1606,-1593.01171875
1827,2,1608,-1593.01171875
1828,2,1610,-1593.01171875
1829,2,1612,-1593.01171875
1830,2,1614,-1593.01171875
1831,2,1616,-1593.01171875
1832,2,1618,-1593.01171875
1833,2,1620,-1593.01171875
1834,2,1622,-1593.01171875
1835,2,1624,-1593.01171875
1836,2,1626,-1593.01171875
1837,2,1628,-1593.01171875
1838,2,1630,-1593.01171875
1839,2,1632,-1593.01171875
1840,2,1634,-1593.01171875
1841,2,1636,-1593.01171875
1842,2,1638,-1593.01171875
1843,2,1640,-1593.01171875
1844,2,1642,-1593.01171875
1845,2,1644,-1593.01171875
1846,2,1646,-1593.01171875
1847,2,1648,-1593.01171875
1848,2,1650,-1593.01171875
1849,2,1652,-1593.01171875
1850,2,1654,-1593.01171875
1851,2,1656,-1593.01171875
1852,2,1658,-1593.01171875
1853,2,1660,-1593.01171875
1854,2,1662,-1593.01171875
1855,2,1664,-1593.01171875
1856,2,1666,-1593.01171875
1857,2,1668,-1593.01171875
1858,2,1670,-1593.01171875
1859,2,1672,-1593.01171875
1860,2,1674,-1593.01171875
1861,2,1676,-1593.01171875
1862,2,1678,-1593.01171875
1863,2,1680,-1593.01171875
1864,2,1682,-1593.01171875
1865,2,1684,-1593.01171875
1866,2,1686,-1593.01171875
1867,2,1688,-1593.01171875
1868,2,1690,-1593.01171875
1869,2,1692,-1593.01171875
1870,2,1694,-1593.01171875
1871,2,1696,-1593.01171875
1872,2,1698,-1593.01171875
1873,2,1700,-1593.01171875
1874,2,1702,-1593.01171875
1875,2,1704,-1593.01171875
1876,2,1706,-1593.01171875
1877,2,1708,-1593.01171875
1878,2,1710,-1593.01171875
1879,2,1712,-1593.01171875
1880,2,1714,-1593.01171875
1881,2,1716,-1593.01171875
1882,2,1718,-1593.01171875
1883,2,1720,-1593.01171875
1884,2,1722,-1593.01171875
1885,2,1724,-1593.01171875
1886,2,1726,-1593.01171875
1887,2,1728,-1593.01171875
1888,2,1730,-1593.01171875
1889,2,1732,-1593.01171875
1890,2,1734,-1593.01171875
1891,2,1736,-1593.01171875
1892,2,1738,-1593.01171875
1893,2,1740,-1593.01171875
1894,2,1742,-1593.01171875
1895,2,1744,-1593.01171875
1896,2,1746,-1593.01171875
1897,2,1748,-1593.01171875
1898,2,1750,-1593.01171875
1899,2,1752,-1593.01171875
1900,2,1754,-1593.01171875
1901,2,1756,-1593.01171875
1902,2,1758,-1593.01171875
1903,2,1760,-1593.01171875
1904,2,1762,-1593.01171875
1905,2,1764,-1593.01171875
1906,2,1766,-1593.01171875
1907,2,1768,-1593.01171875
1908,2,1770,-1593.01171875
1909,2,1772,-1593.01171875
1910,2,1774,-1593.01171875
1911,2,1776,-1593.01171875
1912,2,1778,-1593.01171875
1913,2,1780,-1593.01171875
1914,2,1782,-1593.01171875
1915,2,1784,-1593.01171875
1916,2,1786,-1593.01171875
1917,2,1788,-1593.01171875
1918,2,1790,-1593.01171875
1919,2,1792,-1593.01171875
1920,2,1794,-1593.01171875
1921,2,1796,-1593.01171875
1922,2,1798,-1593.01171875
1923,2,1800,-1593.01171875
1924,2,1802,-1593.01171875
1925,2,1804,-1593.01171875
1926,2,1806,-1593.01171875
1927,2,1808,-1593.01171875
1928,2,1810,-1593.01171875
1929,2,1812,-1593.01171875
1930,2,1814,-1593.01171875
1931,2,1816,-1593.01171875
1932,2,1818,-1593.01171875
1933,2,1820,-1593.01171875
1934,2,1822,-1593.01171875
1935,2,1824,-1593.01171875
1936,2,1826,-1593.01171875
1937,2,1828,-1593.01171875
1938,2,1830,-1593.01171875
1939,2,1832,-1593.01171875
1940,2,1834,-1593.01171875
1941,2,1836,-1593.01171875
1942,2,1838,-1593.01171875
1943,2,1840,-1593.01171875
1944,2,1842,-1593.01171875
1945,2,1844,-1593.01171875
1946,2,1846,-1593.01171875
1947,2,1848,-1593.01171875
1948,2,1850,-1593.01171875
1949,2,1852,-1593.01171875
1950,2,1854,-1593.01171875
1951,2,1856,-1593.01171875
1952,2,1858,-1593.01171875
1953,2,1860,-1593.01171875
1954,2,1862,-1593.01171875
1955,2,1864,-1593.01171875
1956,2,1866,-1593.01171875
1957,2,1868,-1593.01171875
1958,2,1870,-1593.01171875
1959,2,1872,-1593.01171875
1960,2,1874,-1593.01171875
1961,2,1876,-1593.01171875
1962,2,1878,-1593.01171875
1963,2,1880,-1593.01171875
1964,2,1882,-1593.01171875
1965,2,1884,-1593.01171875
1966,2,1886,-1593.01171875
1967,2,1888,-1593.01171875
1968,2,1890,-1593.01171875
1969,2,1892,-1593.01171875
1970,2,1894,-1593.01171875
1971,2,1896,-1593.01171875
1972,2,1898,-1593.01171875
1973,2,1900,-1593.01171875
1974,2,1902,-1593.01171875
1975,2,1904,-1593.01171875
1976,2,1906,-1593.01171875
1977,2,1908,-1593.01171875
1978,2,1910,-1593.01171875
1979,2,1912,-1593.01171875
1980,2,1914,-1593.01171875
1981,2,1916,-1593.01171875
1982,2,1918,-1593.01171875
1983,2,1920,-1593.01171875
1984,2,1922,-1593.01171875
1985,2,1924,-1593.01171875
1986,2,1926,-1593.01171875
1987,2,1928,-1593.01171875
1988,2,1930,-1593.01171875
1989,2,1932,-1593.01171875
1990,2,1934,-1593.01171875
1991,2,1936,-1593.01171875
1992,2,1938,-1593.01171875
1993,2,1940,-1593.01171875
1994,2,1942,-1593.01171875
1995,2,1944,-1593.01171875
1996,2,1946,-1593.01171875
1997,2,1948,-1593.01171875
1998,2,1950,-1593.01171875
1999,2,1952,-1593.01171875
2000,2,1954,-1593.01171875
2001,2,1956,-1593.01171875
2002,2,1958,-1593.01171875
2003,2,1960,-1593.01171875
2004,2,1962,-1593.01171875
2005,2,1964,-1593.01171875
2006,2,1966,-1593.01171875
2007,2,1968,-1593.01171875
2008,2,1970,-1593.01171875
2009,2,1972,-1593.01171875
2010,2,1974,-1593.01171875
2011,2,1976,-1593.01171875
2012,2,1978,-1593.01171875
2013,2,1980,-1593.01171875
2014,2,1982,-1593.01171875
2015,2,1984,-1593.01171875
2016,2,1986,-1593.01171875
2017,2,1988,-1593.01171875
2018,2,1990,-1593.01171875
2019,2,1992,-1593.01171875
2020,2,1994,-1593.01171875
2021,2,1996,-1593.01171875
2022,2,1998,-1593.01171875
2023,2,2000,-1593.01171875
2024,2,2002,-1593.01171875
2025,2,2004,-1593.01171875
2026,2,2006,-1593.01171875
2027,2,2008,-1593.01171875
2028,2,2010,-1593.01171875
2029,2,2012,-1593.01171875
2030,2,2014,-1593.01171875
2031,2,2016,-1593.01171875
2032,2,2018,-1593.01171875
2033,2,2020,-1593.01171875
2034,2,2022,-1593.01171875
2035,2,2024,-1593.01171875
2036,2,2026,-1593.01171875
2037,2,2028,-1593.01171875
2038,2,2030,-1593.01171875
2039,2,2032,-1593.01171875
2040,2,2034,-1593.01171875
2041,2,2036,-1593.01171875
2042,2,2038,-1593.01171875
2043,2,2040,-1593.01171875
2044,2,2042,-1593.01171875
2045,2,2044,-1593.01171875
2046,2,2046,-1593.01171875
2047,2,2048,-1593.01171875
