,num_iterations,updates,energy
0,1,1,-264.51171875
1,1,2,-264.51171875
2,1,3,-264.51171875
3,1,4,-264.51171875
4,1,5,-264.51171875
5,1,6,-266.046875
6,1,7,-266.046875
7,1,8,-266.046875
8,1,9,-266.046875
9,1,10,-266.046875
10,1,11,-266.046875
11,1,12,-267.60546875
12,1,13,-267.60546875
13,1,14,-267.60546875
14,1,15,-267.60546875
15,1,16,-271.140625
16,1,17,-271.140625
17,1,18,-271.88671875
18,1,19,-271.88671875
19,1,20,-275.453125
20,1,21,-275.453125
21,1,22,-279.04296875
22,1,23,-279.04296875
23,1,24,-279.828125
24,1,25,-279.828125
25,1,26,-279.828125
26,1,27,-279.828125
27,1,28,-279.828125
28,1,29,-281.07421875
29,1,30,-281.07421875
30,1,31,-281.07421875
31,1,32,-281.07421875
32,1,33,-281.07421875
33,1,34,-284.703125
34,1,35,-284.703125
35,1,36,-284.703125
36,1,37,-284.703125
37,1,38,-284.703125
38,1,39,-285.51171875
39,1,40,-289.171875
40,1,41,-289.171875
41,1,42,-289.171875
42,1,43,-289.171875
43,1,44,-289.171875
44,1,45,-289.171875
45,1,46,-289.171875
46,1,47,-289.171875
47,1,48,-289.171875
48,1,49,-289.171875
49,1,50,-289.171875
50,1,51,-289.171875
51,1,52,-289.171875
52,1,53,-289.171875
53,1,54,-289.171875
54,1,55,-290.76171875
55,1,56,-290.76171875
56,1,57,-290.76171875
57,1,58,-290.76171875
58,1,59,-290.76171875
59,1,60,-290.76171875
60,1,61,-290.76171875
61,1,62,-290.76171875
62,1,63,-290.76171875
63,1,64,-291.59375
64,1,65,-295.29296875
65,1,66,-296.15625
66,1,67,-297.04296875
67,1,68,-297.04296875
68,1,69,-298.640625
69,1,70,-298.640625
70,1,71,-298.640625
71,1,72,-298.640625
72,1,73,-298.640625
73,1,74,-298.640625
74,1,75,-299.88671875
75,1,76,-299.88671875
76,1,77,-299.88671875
77,1,78,-303.640625
78,1,79,-303.640625
79,1,80,-303.640625
80,1,81,-307.41796875
81,1,82,-307.41796875
82,1,83,-307.41796875
83,1,84,-307.41796875
84,1,85,-307.41796875
85,1,86,-311.21875
86,1,87,-312.51171875
87,1,88,-316.34375
88,1,89,-320.19921875
89,1,90,-320.19921875
90,1,91,-320.19921875
91,1,92,-320.19921875
92,1,93,-320.19921875
93,1,94,-320.19921875
94,1,95,-320.19921875
95,1,96,-320.19921875
96,1,97,-320.19921875
97,1,98,-324.078125
98,1,99,-324.078125
99,1,100,-324.078125
100,1,101,-324.078125
101,1,102,-324.078125
102,1,103,-327.98046875
103,1,104,-331.90625
104,1,105,-331.90625
105,1,106,-331.90625
106,1,107,-331.90625
107,1,108,-331.90625
108,1,109,-331.90625
109,1,110,-333.57421875
110,1,111,-337.53125
111,1,112,-337.53125
112,1,113,-337.53125
113,1,114,-337.53125
114,1,115,-338.88671875
115,1,116,-340.578125
116,1,117,-344.57421875
117,1,118,-344.57421875
118,1,119,-344.57421875
119,1,120,-345.515625
120,1,121,-346.88671875
121,1,122,-350.921875
122,1,123,-350.921875
123,1,124,-350.921875
124,1,125,-350.921875
125,1,126,-350.921875
126,1,127,-354.98046875
127,1,128,-354.98046875
128,1,129,-359.0625
129,1,130,-359.0625
130,1,131,-359.0625
131,1,132,-359.0625
132,1,133,-363.16796875
133,1,134,-367.296875
134,1,135,-368.73046875
135,1,136,-372.890625
136,1,137,-373.88671875
137,1,138,-373.88671875
138,1,139,-374.90625
139,1,140,-374.90625
140,1,141,-374.90625
141,1,142,-374.90625
142,1,143,-374.90625
143,1,144,-374.90625
144,1,145,-375.94921875
145,1,146,-375.94921875
146,1,147,-375.94921875
147,1,148,-375.94921875
148,1,149,-375.94921875
149,1,150,-375.94921875
150,1,151,-375.94921875
151,1,152,-380.15625
152,1,153,-380.15625
153,1,154,-380.15625
154,1,155,-380.15625
155,1,156,-380.15625
156,1,157,-380.15625
157,1,158,-380.15625
158,1,159,-384.38671875
159,1,160,-384.38671875
160,1,161,-384.38671875
161,1,162,-384.38671875
162,1,163,-385.46875
163,1,164,-387.19921875
164,1,165,-387.19921875
165,1,166,-387.19921875
166,1,167,-391.46875
167,1,168,-391.46875
168,1,169,-395.76171875
169,1,170,-395.76171875
170,1,171,-400.078125
171,1,172,-400.078125
172,1,173,-400.078125
173,1,174,-400.078125
174,1,175,-400.078125
175,1,176,-400.078125
176,1,177,-400.078125
177,1,178,-401.85546875
178,1,179,-401.85546875
179,1,180,-401.85546875
180,1,181,-401.85546875
181,1,182,-401.85546875
182,1,183,-401.85546875
183,1,184,-401.85546875
184,1,185,-401.85546875
185,1,186,-401.85546875
186,1,187,-401.85546875
187,1,188,-401.85546875
188,1,189,-406.203125
189,1,190,-406.203125
190,1,191,-406.203125
191,1,192,-406.203125
192,1,193,-410.57421875
193,1,194,-410.57421875
194,1,195,-412.046875
195,1,196,-412.046875
196,1,197,-413.16796875
197,1,198,-413.16796875
198,1,199,-417.578125
199,1,200,-417.578125
200,1,201,-417.578125
201,1,202,-417.578125
202,1,203,-417.578125
203,1,204,-417.578125
204,1,205,-417.578125
205,1,206,-417.578125
206,1,207,-417.578125
207,1,208,-417.578125
208,1,209,-417.578125
209,1,210,-417.578125
210,1,211,-417.578125
211,1,212,-417.578125
212,1,213,-417.578125
213,1,214,-418.73046875
214,1,215,-419.90625
215,1,216,-424.35546875
216,1,217,-424.35546875
217,1,218,-424.35546875
218,1,219,-424.35546875
219,1,220,-424.35546875
220,1,221,-424.35546875
221,1,222,-428.828125
222,1,223,-428.828125
223,1,224,-428.828125
224,1,225,-428.828125
225,1,226,-428.828125
226,1,227,-433.32421875
227,1,228,-435.140625
228,1,229,-435.140625
229,1,230,-435.140625
230,1,231,-435.140625
231,1,232,-435.140625
232,1,233,-435.140625
233,1,234,-435.140625
234,1,235,-439.66796875
235,1,236,-439.66796875
236,1,237,-444.21875
237,1,238,-444.21875
238,1,239,-446.07421875
239,1,240,-447.953125
240,1,241,-452.54296875
241,1,242,-452.54296875
242,1,243,-457.15625
243,1,244,-457.15625
244,1,245,-458.66796875
245,1,246,-458.66796875
246,1,247,-463.3125
247,1,248,-463.3125
248,1,249,-464.85546875
249,1,250,-464.85546875
250,1,251,-464.85546875
251,1,252,-464.85546875
252,1,253,-464.85546875
253,1,254,-466.078125
254,1,255,-466.078125
255,1,256,-470.76171875
256,1,257,-470.76171875
257,1,258,-470.76171875
258,1,259,-470.76171875
259,1,260,-472.015625
260,1,261,-473.29296875
261,1,262,-473.29296875
262,1,263,-475.1875
263,1,264,-475.1875
264,1,265,-479.91796875
265,1,266,-479.91796875
266,1,267,-479.91796875
267,1,268,-481.21875
268,1,269,-485.98046875
269,1,270,-487.3125
270,1,271,-487.3125
271,1,272,-487.3125
272,1,273,-487.3125
273,1,274,-487.3125
274,1,275,-492.10546875
275,1,276,-492.10546875
276,1,277,-496.921875
277,1,278,-496.921875
278,1,279,-496.921875
279,1,280,-496.921875
280,1,281,-496.921875
281,1,282,-496.921875
282,1,283,-496.921875
283,1,284,-496.921875
284,1,285,-501.76171875
285,1,286,-503.328125
286,1,287,-508.19921875
287,1,288,-508.19921875
288,1,289,-508.19921875
289,1,290,-508.19921875
290,1,291,-508.19921875
291,1,292,-508.19921875
292,1,293,-508.19921875
293,1,294,-509.578125
294,1,295,-509.578125
295,1,296,-509.578125
296,1,297,-509.578125
297,1,298,-510.98046875
298,1,299,-510.98046875
299,1,300,-510.98046875
300,1,301,-510.98046875
301,1,302,-515.890625
302,1,303,-520.82421875
303,1,304,-520.82421875
304,1,305,-522.765625
305,1,306,-524.73046875
306,1,307,-524.73046875
307,1,308,-524.73046875
308,1,309,-526.3125
309,1,310,-526.3125
310,1,311,-526.3125
311,1,312,-531.29296875
312,1,313,-531.29296875
313,1,314,-531.29296875
314,1,315,-531.29296875
315,1,316,-531.29296875
316,1,317,-531.29296875
317,1,318,-533.28125
318,1,319,-538.29296875
319,1,320,-538.29296875
320,1,321,-538.29296875
321,1,322,-538.29296875
322,1,323,-538.29296875
323,1,324,-538.29296875
324,1,325,-538.29296875
325,1,326,-543.328125
326,1,327,-543.328125
327,1,328,-548.38671875
328,1,329,-549.828125
329,1,330,-554.91796875
330,1,331,-560.03125
331,1,332,-560.03125
332,1,333,-561.66796875
333,1,334,-561.66796875
334,1,335,-566.8125
335,1,336,-566.8125
336,1,337,-566.8125
337,1,338,-566.8125
338,1,339,-566.8125
339,1,340,-571.98046875
340,1,341,-574.03125
341,1,342,-574.03125
342,1,343,-574.03125
343,1,344,-574.03125
344,1,345,-576.10546875
345,1,346,-576.10546875
346,1,347,-576.10546875
347,1,348,-576.10546875
348,1,349,-576.10546875
349,1,350,-577.578125
350,1,351,-577.578125
351,1,352,-582.79296875
352,1,353,-582.79296875
353,1,354,-582.79296875
354,1,355,-582.79296875
355,1,356,-582.79296875
356,1,357,-582.79296875
357,1,358,-584.890625
358,1,359,-584.890625
359,1,360,-584.890625
360,1,361,-584.890625
361,1,362,-587.01171875
362,1,363,-587.01171875
363,1,364,-587.01171875
364,1,365,-588.65625
365,1,366,-588.65625
366,1,367,-588.65625
367,1,368,-588.65625
368,1,369,-590.32421875
369,1,370,-590.32421875
370,1,371,-590.32421875
371,1,372,-595.59375
372,1,373,-597.07421875
373,1,374,-602.375
374,1,375,-602.375
375,1,376,-602.375
376,1,377,-602.375
377,1,378,-607.69921875
378,1,379,-607.69921875
379,1,380,-607.69921875
380,1,381,-607.69921875
381,1,382,-609.40625
382,1,383,-609.40625
383,1,384,-609.40625
384,1,385,-609.40625
385,1,386,-609.40625
386,1,387,-609.40625
387,1,388,-609.40625
388,1,389,-609.40625
389,1,390,-609.40625
390,1,391,-609.40625
391,1,392,-609.40625
392,1,393,-609.40625
393,1,394,-609.40625
394,1,395,-609.40625
395,1,396,-609.40625
396,1,397,-609.40625
397,1,398,-609.40625
398,1,399,-610.91796875
399,1,400,-612.640625
400,1,401,-612.640625
401,1,402,-618.01171875
402,1,403,-618.01171875
403,1,404,-619.546875
404,1,405,-619.546875
405,1,406,-619.546875
406,1,407,-619.546875
407,1,408,-619.546875
408,1,409,-619.546875
409,1,410,-619.546875
410,1,411,-621.10546875
411,1,412,-621.10546875
412,1,413,-621.10546875
413,1,414,-621.10546875
414,1,415,-622.84375
415,1,416,-628.26171875
416,1,417,-628.26171875
417,1,418,-628.26171875
418,1,419,-633.703125
419,1,420,-633.703125
420,1,421,-635.29296875
421,1,422,-636.90625
422,1,423,-636.90625
423,1,424,-642.38671875
424,1,425,-642.38671875
425,1,426,-644.5
426,1,427,-646.26171875
427,1,428,-651.78125
428,1,429,-657.32421875
429,1,430,-658.96875
430,1,431,-658.96875
431,1,432,-658.96875
432,1,433,-661.10546875
433,1,434,-662.890625
434,1,435,-662.890625
435,1,436,-668.48046875
436,1,437,-668.48046875
437,1,438,-668.48046875
438,1,439,-674.09375
439,1,440,-674.09375
440,1,441,-679.73046875
441,1,442,-679.73046875
442,1,443,-679.73046875
443,1,444,-685.390625
444,1,445,-691.07421875
445,1,446,-693.265625
446,1,447,-693.265625
447,1,448,-695.48046875
448,1,449,-695.48046875
449,1,450,-701.203125
450,1,451,-701.203125
451,1,452,-701.203125
452,1,453,-701.203125
453,1,454,-701.203125
454,1,455,-701.203125
455,1,456,-701.203125
456,1,457,-706.94921875
457,1,458,-706.94921875
458,1,459,-706.94921875
459,1,460,-706.94921875
460,1,461,-712.71875
461,1,462,-712.71875
462,1,463,-712.71875
463,1,464,-712.71875
464,1,465,-712.71875
465,1,466,-712.71875
466,1,467,-712.71875
467,1,468,-712.71875
468,1,469,-712.71875
469,1,470,-712.71875
470,1,471,-712.71875
471,1,472,-712.71875
472,1,473,-712.71875
473,1,474,-712.71875
474,1,475,-712.71875
475,1,476,-712.71875
476,1,477,-714.41796875
477,1,478,-714.41796875
478,1,479,-716.671875
479,1,480,-716.671875
480,1,481,-716.671875
481,1,482,-718.94921875
482,1,483,-718.94921875
483,1,484,-718.94921875
484,1,485,-724.765625
485,1,486,-724.765625
486,1,487,-724.765625
487,1,488,-724.765625
488,1,489,-730.60546875
489,1,490,-736.46875
490,1,491,-736.46875
491,1,492,-736.46875
492,1,493,-736.46875
493,1,494,-736.46875
494,1,495,-736.46875
495,1,496,-736.46875
496,1,497,-742.35546875
497,1,498,-742.35546875
498,1,499,-742.35546875
499,1,500,-742.35546875
500,1,501,-742.35546875
501,1,502,-742.35546875
502,1,503,-742.35546875
503,1,504,-742.35546875
504,1,505,-742.35546875
505,1,506,-748.265625
506,1,507,-754.19921875
507,1,508,-760.15625
508,1,509,-760.15625
509,1,510,-760.15625
510,1,511,-762.04296875
511,1,512,-768.03125
512,1,513,-768.03125
513,1,514,-768.03125
514,1,515,-774.04296875
515,1,516,-775.8125
516,1,517,-775.8125
517,1,518,-775.8125
518,1,519,-775.8125
519,1,520,-775.8125
520,1,521,-781.85546875
521,1,522,-781.85546875
522,1,523,-784.21875
523,1,524,-790.29296875
524,1,525,-790.29296875
525,1,526,-790.29296875
526,1,527,-796.390625
527,1,528,-796.390625
528,1,529,-802.51171875
529,1,530,-802.51171875
530,1,531,-804.453125
531,1,532,-804.453125
532,1,533,-806.85546875
533,1,534,-806.85546875
534,1,535,-813.015625
535,1,536,-813.015625
536,1,537,-813.015625
537,1,538,-813.015625
538,1,539,-813.015625
539,1,540,-819.19921875
540,1,541,-819.19921875
541,1,542,-819.19921875
542,1,543,-819.19921875
543,1,544,-825.40625
544,1,545,-831.63671875
545,1,546,-831.63671875
546,1,547,-837.890625
547,1,548,-839.88671875
548,1,549,-839.88671875
549,1,550,-839.88671875
550,1,551,-839.88671875
551,1,552,-839.88671875
552,1,553,-839.88671875
553,1,554,-839.88671875
554,1,555,-846.171875
555,1,556,-846.171875
556,1,557,-846.171875
557,1,558,-852.48046875
558,1,559,-852.48046875
559,1,560,-852.48046875
560,1,561,-858.8125
561,1,562,-861.29296875
562,1,563,-861.29296875
563,1,564,-867.65625
564,1,565,-869.69921875
565,1,566,-872.203125
566,1,567,-872.203125
567,1,568,-872.203125
568,1,569,-872.203125
569,1,570,-874.26171875
570,1,571,-874.26171875
571,1,572,-874.26171875
572,1,573,-874.26171875
573,1,574,-874.26171875
574,1,575,-874.26171875
575,1,576,-874.26171875
576,1,577,-874.26171875
577,1,578,-876.09375
578,1,579,-882.51171875
579,1,580,-884.59375
580,1,581,-884.59375
581,1,582,-884.59375
582,1,583,-884.59375
583,1,584,-884.59375
584,1,585,-891.04296875
585,1,586,-891.04296875
586,1,587,-891.04296875
587,1,588,-891.04296875
588,1,589,-891.04296875
589,1,590,-897.515625
590,1,591,-904.01171875
591,1,592,-904.01171875
592,1,593,-904.01171875
593,1,594,-904.01171875
594,1,595,-904.01171875
595,1,596,-910.53125
596,1,597,-910.53125
597,1,598,-910.53125
598,1,599,-913.07421875
599,1,600,-913.07421875
600,1,601,-913.07421875
601,1,602,-914.953125
602,1,603,-916.85546875
603,1,604,-916.85546875
604,1,605,-916.85546875
605,1,606,-916.85546875
606,1,607,-923.421875
607,1,608,-923.421875
608,1,609,-923.421875
609,1,610,-923.421875
610,1,611,-923.421875
611,1,612,-923.421875
612,1,613,-923.421875
613,1,614,-923.421875
614,1,615,-923.421875
615,1,616,-923.421875
616,1,617,-923.421875
617,1,618,-923.421875
618,1,619,-923.421875
619,1,620,-923.421875
620,1,621,-923.421875
621,1,622,-930.01171875
622,1,623,-932.140625
623,1,624,-932.140625
624,1,625,-932.140625
625,1,626,-932.140625
626,1,627,-934.07421875
627,1,628,-934.07421875
628,1,629,-934.07421875
629,1,630,-940.703125
630,1,631,-940.703125
631,1,632,-940.703125
632,1,633,-940.703125
633,1,634,-940.703125
634,1,635,-940.703125
635,1,636,-940.703125
636,1,637,-940.703125
637,1,638,-940.703125
638,1,639,-940.703125
639,1,640,-942.85546875
640,1,641,-942.85546875
641,1,642,-945.40625
642,1,643,-945.40625
643,1,644,-947.57421875
644,1,645,-947.57421875
645,1,646,-950.140625
646,1,647,-950.140625
647,1,648,-950.140625
648,1,649,-956.82421875
649,1,650,-956.82421875
650,1,651,-958.765625
651,1,652,-958.765625
652,1,653,-958.765625
653,1,654,-965.48046875
654,1,655,-972.21875
655,1,656,-972.21875
656,1,657,-972.21875
657,1,658,-972.21875
658,1,659,-974.19921875
659,1,660,-974.19921875
660,1,661,-976.796875
661,1,662,-978.98046875
662,1,663,-985.765625
663,1,664,-985.765625
664,1,665,-985.765625
665,1,666,-988.38671875
666,1,667,-988.38671875
667,1,668,-988.38671875
668,1,669,-988.38671875
669,1,670,-991.03125
670,1,671,-993.23046875
671,1,672,-995.203125
672,1,673,-1002.04296875
673,1,674,-1004.703125
674,1,675,-1011.57421875
675,1,676,-1011.57421875
676,1,677,-1018.46875
677,1,678,-1018.46875
678,1,679,-1018.46875
679,1,680,-1021.16796875
680,1,681,-1028.09375
681,1,682,-1028.09375
682,1,683,-1028.09375
683,1,684,-1028.09375
684,1,685,-1035.04296875
685,1,686,-1042.015625
686,1,687,-1042.015625
687,1,688,-1044.76171875
688,1,689,-1044.76171875
689,1,690,-1044.76171875
690,1,691,-1044.76171875
691,1,692,-1044.76171875
692,1,693,-1044.76171875
693,1,694,-1044.76171875
694,1,695,-1044.76171875
695,1,696,-1047.0
696,1,697,-1054.01171875
697,1,698,-1054.01171875
698,1,699,-1054.01171875
699,1,700,-1054.01171875
700,1,701,-1054.01171875
701,1,702,-1054.01171875
702,1,703,-1056.28125
703,1,704,-1056.28125
704,1,705,-1056.28125
705,1,706,-1056.28125
706,1,707,-1058.57421875
707,1,708,-1058.57421875
708,1,709,-1058.57421875
709,1,710,-1060.890625
710,1,711,-1060.890625
711,1,712,-1067.94921875
712,1,713,-1067.94921875
713,1,714,-1067.94921875
714,1,715,-1075.03125
715,1,716,-1075.03125
716,1,717,-1082.13671875
717,1,718,-1084.15625
718,1,719,-1084.15625
719,1,720,-1091.29296875
720,1,721,-1091.29296875
721,1,722,-1091.29296875
722,1,723,-1091.29296875
723,1,724,-1093.65625
724,1,725,-1093.65625
725,1,726,-1100.82421875
726,1,727,-1100.82421875
727,1,728,-1100.82421875
728,1,729,-1100.82421875
729,1,730,-1100.82421875
730,1,731,-1100.82421875
731,1,732,-1108.015625
732,1,733,-1108.015625
733,1,734,-1108.015625
734,1,735,-1115.23046875
735,1,736,-1115.23046875
736,1,737,-1115.23046875
737,1,738,-1122.46875
738,1,739,-1122.46875
739,1,740,-1129.73046875
740,1,741,-1131.8125
741,1,742,-1133.91796875
742,1,743,-1133.91796875
743,1,744,-1133.91796875
744,1,745,-1136.703125
745,1,746,-1136.703125
746,1,747,-1138.82421875
747,1,748,-1141.625
748,1,749,-1144.44921875
749,1,750,-1144.44921875
750,1,751,-1151.78125
751,1,752,-1159.13671875
752,1,753,-1166.515625
753,1,754,-1166.515625
754,1,755,-1166.515625
755,1,756,-1168.66796875
756,1,757,-1168.66796875
757,1,758,-1168.66796875
758,1,759,-1168.66796875
759,1,760,-1168.66796875
760,1,761,-1168.66796875
761,1,762,-1171.53125
762,1,763,-1178.94921875
763,1,764,-1186.390625
764,1,765,-1193.85546875
765,1,766,-1196.265625
766,1,767,-1196.265625
767,1,768,-1196.265625
768,1,769,-1196.265625
769,1,770,-1199.16796875
770,1,771,-1206.671875
771,1,772,-1206.671875
772,1,773,-1206.671875
773,1,774,-1206.671875
774,1,775,-1214.19921875
775,1,776,-1216.640625
776,1,777,-1218.82421875
777,1,778,-1218.82421875
778,1,779,-1226.390625
779,1,780,-1226.390625
780,1,781,-1226.390625
781,1,782,-1226.390625
782,1,783,-1226.390625
783,1,784,-1226.390625
784,1,785,-1226.390625
785,1,786,-1226.390625
786,1,787,-1228.60546875
787,1,788,-1236.203125
788,1,789,-1243.82421875
789,1,790,-1243.82421875
790,1,791,-1243.82421875
791,1,792,-1246.765625
792,1,793,-1249.01171875
793,1,794,-1249.01171875
794,1,795,-1249.01171875
795,1,796,-1249.01171875
796,1,797,-1249.01171875
797,1,798,-1251.46875
798,1,799,-1259.13671875
799,1,800,-1262.09375
800,1,801,-1262.09375
801,1,802,-1262.09375
802,1,803,-1262.09375
803,1,804,-1262.09375
804,1,805,-1262.09375
805,1,806,-1262.09375
806,1,807,-1262.09375
807,1,808,-1262.09375
808,1,809,-1262.09375
809,1,810,-1262.09375
810,1,811,-1262.09375
811,1,812,-1262.09375
812,1,813,-1262.09375
813,1,814,-1262.09375
814,1,815,-1269.79296875
815,1,816,-1272.0625
816,1,817,-1272.0625
817,1,818,-1274.35546875
818,1,819,-1277.328125
819,1,820,-1277.328125
820,1,821,-1285.07421875
821,1,822,-1288.078125
822,1,823,-1288.078125
823,1,824,-1291.10546875
824,1,825,-1298.890625
825,1,826,-1306.69921875
826,1,827,-1309.171875
827,1,828,-1309.171875
828,1,829,-1309.171875
829,1,830,-1309.171875
830,1,831,-1309.171875
831,1,832,-1317.01171875
832,1,833,-1317.01171875
833,1,834,-1317.01171875
834,1,835,-1317.01171875
835,1,836,-1317.01171875
836,1,837,-1317.01171875
837,1,838,-1319.515625
838,1,839,-1322.04296875
839,1,840,-1324.34375
840,1,841,-1332.23046875
841,1,842,-1340.140625
842,1,843,-1340.140625
843,1,844,-1340.140625
844,1,845,-1348.07421875
845,1,846,-1351.140625
846,1,847,-1351.140625
847,1,848,-1351.140625
848,1,849,-1353.48046875
849,1,850,-1361.453125
850,1,851,-1361.453125
851,1,852,-1361.453125
852,1,853,-1369.44921875
853,1,854,-1369.44921875
854,1,855,-1369.44921875
855,1,856,-1369.44921875
856,1,857,-1369.44921875
857,1,858,-1377.46875
858,1,859,-1377.46875
859,1,860,-1385.51171875
860,1,861,-1385.51171875
861,1,862,-1385.51171875
862,1,863,-1393.578125
863,1,864,-1393.578125
864,1,865,-1393.578125
865,1,866,-1393.578125
866,1,867,-1401.66796875
867,1,868,-1401.66796875
868,1,869,-1401.66796875
869,1,870,-1409.78125
870,1,871,-1409.78125
871,1,872,-1409.78125
872,1,873,-1409.78125
873,1,874,-1409.78125
874,1,875,-1409.78125
875,1,876,-1409.78125
876,1,877,-1409.78125
877,1,878,-1409.78125
878,1,879,-1409.78125
879,1,880,-1409.78125
880,1,881,-1409.78125
881,1,882,-1409.78125
882,1,883,-1409.78125
883,1,884,-1409.78125
884,1,885,-1409.78125
885,1,886,-1409.78125
886,1,887,-1409.78125
887,1,888,-1417.91796875
888,1,889,-1417.91796875
889,1,890,-1426.078125
890,1,891,-1426.078125
891,1,892,-1426.078125
892,1,893,-1426.078125
893,1,894,-1434.26171875
894,1,895,-1442.46875
895,1,896,-1442.46875
896,1,897,-1442.46875
897,1,898,-1442.46875
898,1,899,-1450.69921875
899,1,900,-1453.15625
900,1,901,-1453.15625
901,1,902,-1453.15625
902,1,903,-1453.15625
903,1,904,-1455.79296875
904,1,905,-1464.0625
905,1,906,-1464.0625
906,1,907,-1472.35546875
907,1,908,-1472.35546875
908,1,909,-1472.35546875
909,1,910,-1472.35546875
910,1,911,-1472.35546875
911,1,912,-1472.35546875
912,1,913,-1472.35546875
913,1,914,-1472.35546875
914,1,915,-1472.35546875
915,1,916,-1475.53125
916,1,917,-1475.53125
917,1,918,-1478.01171875
918,1,919,-1478.01171875
919,1,920,-1478.01171875
920,1,921,-1478.01171875
921,1,922,-1478.01171875
922,1,923,-1478.01171875
923,1,924,-1478.01171875
924,1,925,-1478.01171875
925,1,926,-1478.01171875
926,1,927,-1481.203125
927,1,928,-1481.203125
928,1,929,-1484.41796875
929,1,930,-1484.41796875
930,1,931,-1492.765625
931,1,932,-1492.765625
932,1,933,-1492.765625
933,1,934,-1492.765625
934,1,935,-1492.765625
935,1,936,-1492.765625
936,1,937,-1492.765625
937,1,938,-1492.765625
938,1,939,-1492.765625
939,1,940,-1492.765625
940,1,941,-1492.765625
941,1,942,-1492.765625
942,1,943,-1492.765625
943,1,944,-1492.765625
944,1,945,-1492.765625
945,1,946,-1492.765625
946,1,947,-1492.765625
947,1,948,-1495.26171875
948,1,949,-1503.640625
949,1,950,-1503.640625
950,1,951,-1503.640625
951,1,952,-1512.04296875
952,1,953,-1512.04296875
953,1,954,-1512.04296875
954,1,955,-1520.46875
955,1,956,-1520.46875
956,1,957,-1520.46875
957,1,958,-1520.46875
958,1,959,-1520.46875
959,1,960,-1523.01171875
960,1,961,-1523.01171875
961,1,962,-1526.265625
962,1,963,-1528.82421875
963,1,964,-1532.09375
964,1,965,-1532.09375
965,1,966,-1532.09375
966,1,967,-1532.09375
967,1,968,-1532.09375
968,1,969,-1532.09375
969,1,970,-1532.09375
970,1,971,-1532.09375
971,1,972,-1532.09375
972,1,973,-1532.09375
973,1,974,-1534.73046875
974,1,975,-1537.390625
975,1,976,-1537.390625
976,1,977,-1537.390625
977,1,978,-1537.390625
978,1,979,-1537.390625
979,1,980,-1537.390625
980,1,981,-1537.390625
981,1,982,-1537.390625
982,1,983,-1537.390625
983,1,984,-1537.390625
984,1,985,-1537.390625
985,1,986,-1537.390625
986,1,987,-1537.390625
987,1,988,-1540.07421875
988,1,989,-1540.07421875
989,1,990,-1540.07421875
990,1,991,-1540.07421875
991,1,992,-1540.07421875
992,1,993,-1540.07421875
993,1,994,-1540.07421875
994,1,995,-1540.07421875
995,1,996,-1540.07421875
996,1,997,-1540.07421875
997,1,998,-1540.07421875
998,1,999,-1540.07421875
999,1,1000,-1548.578125
1000,1,1001,-1548.578125
1001,1,1002,-1551.85546875
1002,1,1003,-1551.85546875
1003,1,1004,-1551.85546875
1004,1,1005,-1551.85546875
1005,1,1006,-1551.85546875
1006,1,1007,-1551.85546875
1007,1,1008,-1555.15625
1008,1,1009,-1558.48046875
1009,1,1010,-1561.828125
1010,1,1011,-1561.828125
1011,1,1012,-1570.38671875
1012,1,1013,-1570.38671875
1013,1,1014,-1570.38671875
1014,1,1015,-1573.078125
1015,1,1016,-1581.66796875
1016,1,1017,-1581.66796875
1017,1,1018,-1581.66796875
1018,1,1019,-1590.28125
1019,1,1020,-1590.28125
1020,1,1021,-1590.28125
1021,1,1022,-1590.28125
1022,1,1023,-1590.28125
1023,1,1024,-1593.01171875
1024,2,2,-1593.01171875
1025,2,4,-1593.01171875
1026,2,6,-1593.01171875
1027,2,8,-1593.01171875
1028,2,10,-1593.01171875
1029,2,12,-1593.01171875
1030,2,14,-1593.01171875
1031,2,16,-1593.01171875
1032,2,18,-1593.01171875
1033,2,20,-1593.01171875
1034,2,22,-1593.01171875
1035,2,24,-1593.01171875
1036,2,26,-1593.01171875
1037,2,28,-1593.01171875
1038,2,30,-1593.01171875
1039,2,32,-1593.01171875
1040,2,34,-1593.01171875
1041,2,36,-1593.01171875
1042,2,38,-1593.01171875
1043,2,40,-1593.01171875
1044,2,42,-1593.01171875
1045,2,44,-1593.01171875
1046,2,46,-1593.01171875
1047,2,48,-1593.01171875
1048,2,50,-1593.01171875
1049,2,52,-1593.01171875
1050,2,54,-1593.01171875
1051,2,56,-1593.01171875
1052,2,58,-1593.01171875
1053,2,60,-1593.01171875
1054,2,62,-1593.01171875
1055,2,64,-1593.01171875
1056,2,66,-1593.01171875
1057,2,68,-1593.01171875
1058,2,70,-1593.01171875
1059,2,72,-1593.01171875
1060,2,74,-1593.01171875
1061,2,76,-1593.01171875
1062,2,78,-1593.01171875
1063,2,80,-1593.01171875
1064,2,82,-1593.01171875
1065,2,84,-1593.01171875
1066,2,86,-1593.01171875
1067,2,88,-1593.01171875
1068,2,90,-1593.01171875
1069,2,92,-1593.01171875
1070,2,94,-1593.01171875
1071,2,96,-1593.01171875
1072,2,98,-1593.01171875
1073,2,100,-1593.01171875
1074,2,102,-1593.01171875
1075,2,104,-1593.01171875
1076,2,106,-1593.01171875
1077,2,108,-1593.01171875
1078,2,110,-1593.01171875
1079,2,112,-1593.01171875
1080,2,114,-1593.01171875
1081,2,116,-1593.01171875
1082,2,118,-1593.01171875
1083,2,120,-1593.01171875
1084,2,122,-1593.01171875
1085,2,124,-1593.01171875
1086,2,126,-1593.01171875
1087,2,128,-1593.01171875
1088,2,130,-1593.01171875
1089,2,132,-1593.01171875
1090,2,134,-1593.01171875
1091,2,136,-1593.01171875
1092,2,138,-1593.01171875
1093,2,140,-1593.01171875
1094,2,142,-1593.01171875
1095,2,144,-1593.01171875
1096,2,146,-1593.01171875
1097,2,148,-1593.01171875
1098,2,150,-1593.01171875
1099,2,152,-1593.01171875
1100,2,154,-1593.01171875
1101,2,156,-1593.01171875
1102,2,158,-1593.01171875
1103,2,160,-1593.01171875
1104,2,162,-1593.01171875
1105,2,164,-1593.01171875
1106,2,166,-1593.01171875
1107,2,168,-1593.01171875
1108,2,170,-1593.01171875
1109,2,172,-1593.01171875
1110,2,174,-1593.01171875
1111,2,176,-1593.01171875
1112,2,178,-1593.01171875
1113,2,180,-1593.01171875
1114,2,182,-1593.01171875
1115,2,184,-1593.01171875
1116,2,186,-1593.01171875
1117,2,188,-1593.01171875
1118,2,190,-1593.01171875
1119,2,192,-1593.01171875
1120,2,194,-1593.01171875
1121,2,196,-1593.01171875
1122,2,198,-1593.01171875
1123,2,200,-1593.01171875
1124,2,202,-1593.01171875
1125,2,204,-1593.01171875
1126,2,206,-1593.01171875
1127,2,208,-1593.01171875
1128,2,210,-1593.01171875
1129,2,212,-1593.01171875
1130,2,214,-1593.01171875
1131,2,216,-1593.01171875
1132,2,218,-1593.01171875
1133,2,220,-1593.01171875
1134,2,222,-1593.01171875
1135,2,224,-1593.01171875
1136,2,226,-1593.01171875
1137,2,228,-1593.01171875
1138,2,230,-1593.01171875
1139,2,232,-1593.01171875
1140,2,234,-1593.01171875
1141,2,236,-1593.01171875
1142,2,238,-1593.01171875
1143,2,240,-1593.01171875
1144,2,242,-1593.01171875
1145,2,244,-1593.01171875
1146,2,246,-1593.01171875
1147,2,248,-1593.01171875
1148,2,250,-1593.01171875
1149,2,252,-1593.01171875
1150,2,254,-1593.01171875
1151,2,256,-1593.01171875
1152,2,258,-1593.01171875
1153,2,260,-1593.01171875
1154,2,262,-1593.01171875
1155,2,264,-1593.01171875
1156,2,266,-1593.01171875
1157,2,268,-1593.01171875
1158,2,270,-1593.01171875
1159,2,272,-1593.01171875
1160,2,274,-1593.01171875
1161,2,276,-1593.01171875
1162,2,278,-1593.01171875
1163,2,280,-1593.01171875
1164,2,282,-1593.01171875
1165,2,284,-1593.01171875
1166,2,286,-1593.01171875
1167,2,288,-1593.01171875
1168,2,290,-1593.01171875
1169,2,292,-1593.01171875
1170,2,294,-1593.01171875
1171,2,296,-1593.01171875
1172,2,298,-1593.01171875
1173,2,300,-1593.01171875
1174,2,302,-1593.01171875
1175,2,304,-1593.01171875
1176,2,306,-1593.01171875
1177,2,308,-1593.01171875
1178,2,310,-1593.01171875
1179,2,312,-1593.01171875
1180,2,314,-1593.01171875
1181,2,316,-1593.01171875
1182,2,318,-1593.01171875
1183,2,320,-1593.01171875
1184,2,322,-1593.01171875
1185,2,324,-1593.01171875
1186,2,326,-1593.01171875
1187,2,328,-1593.01171875
1188,2,330,-1593.01171875
1189,2,332,-1593.01171875
1190,2,334,-1593.01171875
1191,2,336,-1593.01171875
1192,2,338,-1593.01171875
1193,2,340,-1593.01171875
1194,2,342,-1593.01171875
1195,2,344,-1593.01171875
1196,2,346,-1593.01171875
1197,2,348,-1593.01171875
1198,2,350,-1593.01171875
1199,2,352,-1593.01171875
1200,2,354,-1593.01171875
1201,2,356,-1593.01171875
1202,2,358,-1593.01171875
1203,2,360,-1593.01171875
1204,2,362,-1593.01171875
1205,2,364,-1593.01171875
1206,2,366,-1593.01171875
1207,2,368,-1593.01171875
1208,2,370,-1593.01171875
1209,2,372,-1593.01171875
1210,2,374,-1593.01171875
1211,2,376,-1593.01171875
1212,2,378,-1593.01171875
1213,2,380,-1593.01171875
1214,2,382,-1593.01171875
1215,2,384,-1593.01171875
1216,2,386,-1593.01171875
1217,2,388,-1593.01171875
1218,2,390,-1593.01171875
1219,2,392,-1593.01171875
1220,2,394,-1593.01171875
1221,2,396,-1593.01171875
1222,2,398,-1593.01171875
1223,2,400,-1593.01171875
1224,2,402,-1593.01171875
1225,2,404,-1593.01171875
1226,2,406,-1593.01171875
1227,2,408,-1593.01171875
1228,2,410,-1593.01171875
1229,2,412,-1593.01171875
1230,2,414,-1593.01171875
1231,2,416,-1593.01171875
1232,2,418,-1593.01171875
1233,2,420,-1593.01171875
1234,2,422,-1593.01171875
1235,2,424,-1593.01171875
1236,2,426,-1593.01171875
1237,2,428,-1593.01171875
1238,2,430,-1593.01171875
1239,2,432,-1593.01171875
1240,2,434,-1593.01171875
1241,2,436,-1593.01171875
1242,2,438,-1593.01171875
1243,2,440,-1593.01171875
1244,2,442,-1593.01171875
1245,2,444,-1593.01171875
1246,2,446,-1593.01171875
1247,2,448,-1593.01171875
1248,2,450,-1593.01171875
1249,2,452,-1593.01171875
1250,2,454,-1593.01171875
1251,2,456,-1593.01171875
1252,2,458,-1593.01171875
1253,2,460,-1593.01171875
1254,2,462,-1593.01171875
1255,2,464,-1593.01171875
1256,2,466,-1593.01171875
1257,2,468,-1593.01171875
1258,2,470,-1593.01171875
1259,2,472,-1593.01171875
1260,2,474,-1593.01171875
1261,2,476,-1593.01171875
1262,2,478,-1593.01171875
1263,2,480,-1593.01171875
1264,2,482,-1593.01171875
1265,2,484,-1593.01171875
1266,2,486,-1593.01171875
1267,2,488,-1593.01171875
1268,2,490,-1593.01171875
1269,2,492,-1593.01171875
1270,2,494,-1593.01171875
1271,2,496,-1593.01171875
1272,2,498,-1593.01171875
1273,2,500,-1593.01171875
1274,2,502,-1593.01171875
1275,2,504,-1593.01171875
1276,2,506,-1593.01171875
1277,2,508,-1593.01171875
1278,2,510,-1593.01171875
1279,2,512,-1593.01171875
1280,2,514,-1593.01171875
1281,2,516,-1593.01171875
1282,2,518,-1593.01171875
1283,2,520,-1593.01171875
1284,2,522,-1593.01171875
1285,2,524,-1593.01171875
1286,2,526,-1593.01171875
1287,2,528,-1593.01171875
1288,2,530,-1593.01171875
1289,2,532,-1593.01171875
1290,2,534,-1593.01171875
1291,2,536,-1593.01171875
1292,2,538,-1593.01171875
1293,2,540,-1593.01171875
1294,2,542,-1593.01171875
1295,2,544,-1593.01171875
1296,2,546,-1593.01171875
1297,2,548,-1593.01171875
1298,2,550,-1593.01171875
1299,2,552,-1593.01171875
1300,2,554,-1593.01171875
1301,2,556,-1593.01171875
1302,2,558,-1593.01171875
1303,2,560,-1593.01171875
1304,2,562,-1593.01171875
1305,2,564,-1593.01171875
1306,2,566,-1593.01171875
1307,2,568,-1593.01171875
1308,2,570,-1593.01171875
1309,2,572,-1593.01171875
1310,2,574,-1593.01171875
1311,2,576,-1593.01171875
1312,2,578,-1593.01171875
1313,2,580,-1593.01171875
1314,2,582,-1593.01171875
1315,2,584,-1593.01171875
1316,2,586,-1593.01171875
1317,2,588,-1593.01171875
1318,2,590,-1593.01171875
1319,2,592,-1593.01171875
1320,2,594,-1593.01171875
1321,2,596,-1593.01171875
1322,2,598,-1593.01171875
1323,2,600,-1593.01171875
1324,2,602,-1593.01171875
1325,2,604,-1593.01171875
1326,2,606,-1593.01171875
1327,2,608,-1593.01171875
1328,2,610,-1593.01171875
1329,2,612,-1593.01171875
1330,2,614,-1593.01171875
1331,2,616,-1593.01171875
1332,2,618,-1593.01171875
1333,2,620,-1593.01171875
1334,2,622,-1593.01171875
1335,2,624,-1593.01171875
1336,2,626,-1593.01171875
1337,2,628,-1593.01171875
1338,2,630,-1593.01171875
1339,2,632,-1593.01171875
1340,2,634,-1593.01171875
1341,2,636,-1593.01171875
1342,2,638,-1593.01171875
1343,2,640,-1593.01171875
1344,2,642,-1593.01171875
1345,2,644,-1593.01171875
1346,2,646,-1593.01171875
1347,2,648,-1593.01171875
1348,2,650,-1593.01171875
1349,2,652,-1593.01171875
1350,2,654,-1593.01171875
1351,2,656,-1593.01171875
1352,2,658,-1593.01171875
1353,2,660,-1593.01171875
1354,2,662,-1593.01171875
1355,2,664,-1593.01171875
1356,2,666,-1593.01171875
1357,2,668,-1593.01171875
1358,2,670,-1593.01171875
1359,2,672,-1593.01171875
1360,2,674,-1593.01171875
1361,2,676,-1593.01171875
1362,2,678,-1593.01171875
1363,2,680,-1593.01171875
1364,2,682,-1593.01171875
1365,2,684,-1593.01171875
1366,2,686,-1593.01171875
1367,2,688,-1593.01171875
1368,2,690,-1593.01171875
1369,2,692,-1593.01171875
1370,2,694,-1593.01171875
1371,2,696,-1593.01171875
1372,2,698,-1593.01171875
1373,2,700,-1593.01171875
1374,2,702,-1593.01171875
1375,2,704,-1593.01171875
1376,2,706,-1593.01171875
1377,2,708,-1593.01171875
1378,2,710,-1593.01171875
1379,2,712,-1593.01171875
1380,2,714,-1593.01171875
1381,2,716,-1593.01171875
1382,2,718,-1593.01171875
1383,2,720,-1593.01171875
1384,2,722,-1593.01171875
1385,2,724,-1593.01171875
1386,2,726,-1593.01171875
1387,2,728,-1593.01171875
1388,2,730,-1593.01171875
1389,2,732,-1593.01171875
1390,2,734,-1593.01171875
1391,2,736,-1593.01171875
1392,2,738,-1593.01171875
1393,2,740,-1593.01171875
1394,2,742,-1593.01171875
1395,2,744,-1593.01171875
1396,2,746,-1593.01171875
1397,2,748,-1593.01171875
1398,2,750,-1593.01171875
1399,2,752,-1593.01171875
1400,2,754,-1593.01171875
1401,2,756,-1593.01171875
1402,2,758,-1593.01171875
1403,2,760,-1593.01171875
1404,2,762,-1593.01171875
1405,2,764,-1593.01171875
1406,2,766,-1593.01171875
1407,2,768,-1593.01171875
1408,2,770,-1593.01171875
1409,2,772,-1593.01171875
1410,2,774,-1593.01171875
1411,2,776,-1593.01171875
1412,2,778,-1593.01171875
1413,2,780,-1593.01171875
1414,2,782,-1593.01171875
1415,2,784,-1593.01171875
1416,2,786,-1593.01171875
1417,2,788,-1593.01171875
1418,2,790,-1593.01171875
1419,2,792,-1593.01171875
1420,2,794,-1593.01171875
1421,2,796,-1593.01171875
1422,2,798,-1593.01171875
1423,2,800,-1593.01171875
1424,2,802,-1593.01171875
1425,2,804,-1593.01171875
1426,2,806,-1593.01171875
1427,2,808,-1593.01171875
1428,2,810,-1593.01171875
1429,2,812,-1593.01171875
1430,2,814,-1593.01171875
1431,2,816,-1593.01171875
1432,2,818,-1593.01171875
1433,2,820,-1593.01171875
1434,2,822,-1593.01171875
1435,2,824,-1593.01171875
1436,2,826,-1593.01171875
1437,2,828,-1593.01171875
1438,2,830,-1593.01171875
1439,2,832,-1593.01171875
1440,2,834,-1593.01171875
1441,2,836,-1593.01171875
1442,2,838,-1593.01171875
1443,2,840,-1593.01171875
1444,2,842,-1593.01171875
1445,2,844,-1593.01171875
1446,2,846,-1593.01171875
1447,2,848,-1593.01171875
1448,2,850,-1593.01171875
1449,2,852,-1593.01171875
1450,2,854,-1593.01171875
1451,2,856,-1593.01171875
1452,2,858,-1593.01171875
1453,2,860,-1593.01171875
1454,2,862,-1593.01171875
1455,2,864,-1593.01171875
1456,2,866,-1593.01171875
1457,2,868,-1593.01171875
1458,2,870,-1593.01171875
1459,2,872,-1593.01171875
1460,2,874,-1593.01171875
1461,2,876,-1593.01171875
1462,2,878,-1593.01171875
1463,2,880,-1593.01171875
1464,2,882,-1593.01171875
1465,2,884,-1593.01171875
1466,2,886,-1593.01171875
1467,2,888,-1593.01171875
1468,2,890,-1593.01171875
1469,2,892,-1593.01171875
1470,2,894,-1593.01171875
1471,2,896,-1593.01171875
1472,2,898,-1593.01171875
1473,2,900,-1593.01171875
1474,2,902,-1593.01171875
1475,2,904,-1593.01171875
1476,2,906,-1593.01171875
1477,2,908,-1593.01171875
1478,2,910,-1593.01171875
1479,2,912,-1593.01171875
1480,2,914,-1593.01171875
1481,2,916,-1593.01171875
1482,2,918,-1593.01171875
1483,2,920,-1593.01171875
1484,2,922,-1593.01171875
1485,2,924,-1593.01171875
1486,2,926,-1593.01171875
1487,2,928,-1593.01171875
1488,2,930,-1593.01171875
1489,2,932,-1593.01171875
1490,2,934,-1593.01171875
1491,2,936,-1593.01171875
1492,2,938,-1593.01171875
1493,2,940,-1593.01171875
1494,2,942,-1593.01171875
1495,2,944,-1593.01171875
1496,2,946,-1593.01171875
1497,2,948,-1593.01171875
1498,2,950,-1593.01171875
1499,2,952,-1593.01171875
1500,2,954,-1593.01171875
1501,2,956,-1593.01171875
1502,2,958,-1593.01171875
1503,2,960,-1593.01171875
1504,2,962,-1593.01171875
1505,2,964,-1593.01171875
1506,2,966,-1593.01171875
1507,2,968,-1593.01171875
1508,2,970,-1593.01171875
1509,2,972,-1593.01171875
1510,2,974,-1593.01171875
1511,2,976,-1593.01171875
1512,2,978,-1593.01171875
1513,2,980,-1593.01171875
1514,2,982,-1593.01171875
1515,2,984,-1593.01171875
1516,2,986,-1593.01171875
1517,2,988,-1593.01171875
1518,2,990,-1593.01171875
1519,2,992,-1593.01171875
1520,2,994,-1593.01171875
1521,2,996,-1593.01171875
1522,2,998,-1593.01171875
1523,2,1000,-1593.01171875
1524,2,1002,-1593.01171875
1525,2,1004,-1593.01171875
1526,2,1006,-1593.01171875
1527,2,1008,-1593.01171875
1528,2,1010,-1593.01171875
1529,2,1012,-1593.01171875
1530,2,1014,-1593.01171875
1531,2,1016,-1593.01171875
1532,2,1018,-1593.01171875
1533,2,1020,-1593.01171875
1534,2,1022,-1593.01171875
1535,2,1024,-1593.01171875
1536,2,1026,-1593.01171875
1537,2,1028,-1593.01171875
1538,2,1030,-1593.01171875
1539,2,1032,-1593.01171875
1540,2,1034,-1593.01171875
1541,2,1036,-1593.01171875
1542,2,1038,-1593.01171875
1543,2,1040,-1593.01171875
1544,2,1042,-1593.01171875
1545,2,1044,-1593.01171875
1546,2,1046,-1593.01171875
1547,2,1048,-1593.01171875
1548,2,1050,-1593.01171875
1549,2,1052,-1593.01171875
1550,2,1054,-1593.01171875
1551,2,1056,-1593.01171875
1552,2,1058,-1593.01171875
1553,2,1060,-1593.01171875
1554,2,1062,-1593.01171875
1555,2,1064,-1593.01171875
1556,2,1066,-1593.01171875
1557,2,1068,-1593.01171875
1558,2,1070,-1593.01171875
1559,2,1072,-1593.01171875
1560,2,1074,-1593.01171875
1561,2,1076,-1593.01171875
1562,2,1078,-1593.01171875
1563,2,1080,-1593.01171875
1564,2,1082,-1593.01171875
1565,2,1084,-1593.01171875
1566,2,1086,-1593.01171875
1567,2,1088,-1593.01171875
1568,2,1090,-1593.01171875
1569,2,1092,-1593.01171875
1570,2,1094,-1593.01171875
1571,2,1096,-1593.01171875
1572,2,1098,-1593.01171875
1573,2,1100,-1593.01171875
1574,2,1102,-1593.01171875
1575,2,1104,-1593.01171875
1576,2,1106,-1593.01171875
1577,2,1108,-1593.01171875
1578,2,1110,-1593.01171875
1579,2,1112,-1593.01171875
1580,2,1114,-1593.01171875
1581,2,1116,-1593.01171875
1582,2,1118,-1593.01171875
1583,2,1120,-1593.01171875
1584,2,1122,-1593.01171875
1585,2,1124,-1593.01171875
1586,2,1126,-1593.01171875
1587,2,1128,-1593.01171875
1588,2,1130,-1593.01171875
1589,2,1132,-1593.01171875
1590,2,1134,-1593.01171875
1591,2,1136,-1593.01171875
1592,2,1138,-1593.01171875
1593,2,1140,-1593.01171875
1594,2,1142,-1593.01171875
1595,2,1144,-1593.01171875
1596,2,1146,-1593.01171875
1597,2,1148,-1593.01171875
1598,2,1150,-1593.01171875
1599,2,1152,-1593.01171875
1600,2,1154,-1593.01171875
1601,2,1156,-1593.01171875
1602,2,1158,-1593.01171875
1603,2,1160,-1593.01171875
1604,2,1162,-1593.01171875
1605,2,1164,-1593.01171875
1606,2,1166,-1593.01171875
1607,2,1168,-1593.01171875
1608,2,1170,-1593.01171875
1609,2,1172,-1593.01171875
1610,2,1174,-1593.01171875
1611,2,1176,-1593.01171875
1612,2,1178,-1593.01171875
1613,2,1180,-1593.01171875
1614,2,1182,-1593.01171875
1615,2,1184,-1593.01171875
1616,2,1186,-1593.01171875
1617,2,1188,-1593.01171875
1618,2,1190,-1593.01171875
1619,2,1192,-1593.01171875
1620,2,1194,-1593.01171875
1621,2,1196,-1593.01171875
1622,2,1198,-1593.01171875
1623,2,1200,-1593.01171875
1624,2,1202,-1593.01171875
1625,2,1204,-1593.01171875
1626,2,1206,-1593.01171875
1627,2,1208,-1593.01171875
1628,2,1210,-1593.01171875
1629,2,1212,-1593.01171875
1630,2,1214,-1593.01171875
1631,2,1216,-1593.01171875
1632,2,1218,-1593.01171875
1633,2,1220,-1593.01171875
1634,2,1222,-1593.01171875
1635,2,1224,-1593.01171875
1636,2,1226,-1593.01171875
1637,2,1228,-1593.01171875
1638,2,1230,-1593.01171875
1639,2,1232,-1593.01171875
1640,2,1234,-1593.01171875
1641,2,1236,-1593.01171875
1642,2,1238,-1593.01171875
1643,2,1240,-1593.01171875
1644,2,1242,-1593.01171875
1645,2,1244,-1593.01171875
1646,2,1246,-1593.01171875
1647,2,1248,-1593.01171875
1648,2,1250,-1593.01171875
1649,2,1252,-1593.01171875
1650,2,1254,-1593.01171875
1651,2,1256,-1593.01171875
1652,2,1258,-1593.01171875
1653,2,1260,-1593.01171875
1654,2,1262,-1593.01171875
1655,2,1264,-1593.01171875
1656,2,1266,-1593.01171875
1657,2,1268,-1593.01171875
1658,2,1270,-1593.01171875
1659,2,1272,-1593.01171875
1660,2,1274,-1593.01171875
1661,2,1276,-1593.01171875
1662,2,1278,-1593.01171875
1663,2,1280,-1593.01171875
1664,2,1282,-1593.01171875
1665,2,1284,-1593.01171875
1666,2,1286,-1593.01171875
1667,2,1288,-1593.01171875
1668,2,1290,-1593.01171875
1669,2,1292,-1593.01171875
1670,2,1294,-1593.01171875
1671,2,1296,-1593.01171875
1672,2,1298,-1593.01171875
1673,2,1300,-1593.01171875
1674,2,1302,-1593.01171875
1675,2,1304,-1593.01171875
1676,2,1306,-1593.01171875
1677,2,1308,-1593.01171875
1678,2,1310,-1593.01171875
1679,2,1312,-1593.01171875
1680,2,1314,-1593.01171875
1681,2,1316,-1593.01171875
1682,2,1318,-1593.01171875
1683,2,1320,-1593.01171875
1684,2,1322,-1593.01171875
1685,2,1324,-1593.01171875
1686,2,1326,-1593.01171875
1687,2,1328,-1593.01171875
1688,2,1330,-1593.01171875
1689,2,1332,-1593.01171875
1690,2,1334,-1593.01171875
1691,2,1336,-1593.01171875
1692,2,1338,-1593.01171875
1693,2,1340,-1593.01171875
1694,2,1342,-1593.01171875
1695,2,1344,-1593.01171875
1696,2,1346,-1593.01171875
1697,2,1348,-1593.01171875
1698,2,1350,-1593.01171875
1699,2,1352,-1593.01171875
1700,2,1354,-1593.01171875
1701,2,1356,-1593.01171875
1702,2,1358,-1593.01171875
1703,2,1360,-1593.01171875
1704,2,1362,-1593.01171875
1705,2,1364,-1593.01171875
1706,2,1366,-1593.01171875
1707,2,1368,-1593.01171875
1708,2,1370,-1593.01171875
1709,2,1372,-1593.01171875
1710,2,1374,-1593.01171875
1711,2,1376,-1593.01171875
1712,2,1378,-1593.01171875
1713,2,1380,-1593.01171875
1714,2,1382,-1593.01171875
1715,2,1384,-1593.01171875
1716,2,1386,-1593.01171875
1717,2,1388,-1593.01171875
1718,2,1390,-1593.01171875
1719,2,1392,-1593.01171875
1720,2,1394,-1593.01171875
1721,2,1396,-1593.01171875
1722,2,1398,-1593.01171875
1723,2,1400,-1593.01171875
1724,2,1402,-1593.01171875
1725,2,1404,-1593.01171875
1726,2,1406,-1593.01171875
1727,2,1408,-1593.01171875
1728,2,1410,-1593.01171875
1729,2,1412,-1593.01171875
1730,2,1414,-1593.01171875
1731,2,1416,-1593.01171875
1732,2,1418,-1593.01171875
1733,2,1420,-1593.01171875
1734,2,1422,-1593.01171875
1735,2,1424,-1593.01171875
1736,2,1426,-1593.01171875
1737,2,1428,-1593.01171875
1738,2,1430,-1593.01171875
1739,2,1432,-1593.01171875
1740,2,1434,-1593.01171875
1741,2,1436,-1593.01171875
1742,2,1438,-1593.01171875
1743,2,1440,-1593.01171875
1744,2,1442,-1593.01171875
1745,2,1444,-1593.01171875
1746,2,1446,-1593.01171875
1747,2,1448,-1593.01171875
1748,2,1450,-1593.01171875
1749,2,1452,-1593.01171875
1750,2,1454,-1593.01171875
1751,2,1456,-1593.01171875
1752,2,1458,-1593.01171875
1753,2,1460,-1593.01171875
1754,2,1462,-1593.01171875
1755,2,1464,-1593.01171875
1756,2,1466,-1593.01171875
1757,2,1468,-1593.01171875
1758,2,1470,-1593.01171875
1759,2,1472,-1593.01171875
1760,2,1474,-1593.01171875
1761,2,1476,-1593.01171875
1762,2,1478,-1593.01171875
1763,2,1480,-1593.01171875
1764,2,1482,-1593.01171875
1765,2,1484,-1593.01171875
1766,2,1486,-1593.01171875
1767,2,1488,-1593.01171875
1768,2,1490,-1593.01171875
1769,2,1492,-1593.01171875
1770,2,1494,-1593.01171875
1771,2,1496,-1593.01171875
1772,2,1498,-1593.01171875
1773,2,1500,-1593.01171875
1774,2,1502,-1593.01171875
1775,2,1504,-1593.01171875
1776,2,1506,-1593.01171875
1777,2,1508,-1593.01171875
1778,2,1510,-1593.01171875
1779,2,1512,-1593.01171875
1780,2,1514,-1593.01171875
1781,2,1516,-1593.01171875
1782,2,1518,-1593.01171875
1783,2,1520,-1593.01171875
1784,2,1522,-1593.01171875
1785,2,1524,-1593.01171875
1786,2,1526,-1593.01171875
1787,2,1528,-1593.01171875
1788,2,1530,-1593.01171875
1789,2,1532,-1593.01171875
1790,2,1534,-1593.01171875
1791,2,1536,-1593.01171875
1792,2,1538,-1593.01171875
1793,2,1540,-1593.01171875
1794,2,1542,-1593.01171875
1795,2,1544,-1593.01171875
1796,2,1546,-1593.01171875
1797,2,1548,-1593.01171875
1798,2,1550,-1593.01171875
1799,2,1552,-1593.01171875
1800,2,1554,-1593.01171875
1801,2,1556,-1593.01171875
1802,2,1558,-1593.01171875
1803,2,1560,-1593.01171875
1804,2,1562,-1593.01171875
1805,2,1564,-1593.01171875
1806,2,1566,-1593.01171875
1807,2,1568,-1593.01171875
1808,2,1570,-1593.01171875
1809,2,1572,-1593.01171875
1810,2,1574,-1593.01171875
1811,2,1576,-1593.01171875
1812,2,1578,-1593.01171875
1813,2,1580,-1593.01171875
1814,2,1582,-1593.01171875
1815,2,1584,-1593.01171875
1816,2,1586,-1593.01171875
1817,2,1588,-1593.01171875
1818,2,1590,-1593.01171875
1819,2,1592,-1593.01171875
1820,2,1594,-1593.01171875
1821,2,1596,-1593.01171875
1822,2,1598,-1593.01171875
1823,2,1600,-1593.01171875
1824,2,1602,-1593.01171875
1825,2,1604,-1593.01171875
1826,2,1606,-1593.01171875
1827,2,1608,-1593.01171875
1828,2,1610,-1593.01171875
1829,2,1612,-1593.01171875
1830,2,1614,-1593.01171875
1831,2,1616,-1593.01171875
1832,2,1618,-1593.01171875
1833,2,1620,-1593.01171875
1834,2,1622,-1593.01171875
1835,2,1624,-1593.01171875
1836,2,1626,-1593.01171875
1837,2,1628,-1593.01171875
1838,2,1630,-1593.01171875
1839,2,1632,-1593.01171875
1840,2,1634,-1593.01171875
1841,2,1636,-1593.01171875
1842,2,1638,-1593.01171875
1843,2,1640,-1593.01171875
1844,2,1642,-1593.01171875
1845,2,1644,-1593.01171875
1846,2,1646,-1593.01171875
1847,2,1648,-1593.01171875
1848,2,1650,-1593.01171875
1849,2,1652,-1593.01171875
1850,2,1654,-1593.01171875
1851,2,1656,-1593.01171875
1852,2,1658,-1593.01171875
1853,2,1660,-1593.01171875
1854,2,1662,-1593.01171875
1855,2,1664,-1593.01171875
1856,2,1666,-1593.01171875
1857,2,1668,-1593.01171875
1858,2,1670,-1593.01171875
1859,2,1672,-1593.01171875
1860,2,1674,-1593.01171875
1861,2,1676,-1593.01171875
1862,2,1678,-1593.01171875
1863,2,1680,-1593.01171875
1864,2,1682,-1593.01171875
1865,2,1684,-1593.01171875
1866,2,1686,-1593.01171875
1867,2,1688,-1593.01171875
1868,2,1690,-1593.01171875
1869,2,1692,-1593.01171875
1870,2,1694,-1593.01171875
1871,2,1696,-1593.01171875
1872,2,1698,-1593.01171875
1873,2,1700,-1593.01171875
1874,2,1702,-1593.01171875
1875,2,1704,-1593.01171875
1876,2,1706,-1593.01171875
1877,2,1708,-1593.01171875
1878,2,1710,-1593.01171875
1879,2,1712,-1593.01171875
1880,2,1714,-1593.01171875
1881,2,1716,-1593.01171875
1882,2,1718,-1593.01171875
1883,2,1720,-1593.01171875
1884,2,1722,-1593.01171875
1885,2,1724,-1593.01171875
1886,2,1726,-1593.01171875
1887,2,1728,-1593.01171875
1888,2,1730,-1593.01171875
1889,2,1732,-1593.01171875
1890,2,1734,-1593.01171875
1891,2,1736,-1593.01171875
1892,2,1738,-1593.01171875
1893,2,1740,-1593.01171875
1894,2,1742,-1593.01171875
1895,2,1744,-1593.01171875
1896,2,1746,-1593.01171875
1897,2,1748,-1593.01171875
1898,2,1750,-1593.01171875
1899,2,1752,-1593.01171875
1900,2,1754,-1593.01171875
1901,2,1756,-1593.01171875
1902,2,1758,-1593.01171875
1903,2,1760,-1593.01171875
1904,2,1762,-1593.01171875
1905,2,1764,-1593.01171875
1906,2,1766,-1593.01171875
1907,2,1768,-1593.01171875
1908,2,1770,-1593.01171875
1909,2,1772,-1593.01171875
1910,2,1774,-1593.01171875
1911,2,1776,-1593.01171875
1912,2,1778,-1593.01171875
1913,2,1780,-1593.01171875
1914,2,1782,-1593.01171875
1915,2,1784,-1593.01171875
1916,2,1786,-1593.01171875
1917,2,1788,-1593.01171875
1918,2,1790,-1593.01171875
1919,2,1792,-1593.01171875
1920,2,1794,-1593.01171875
1921,2,1796,-1593.01171875
1922,2,1798,-1593.01171875
1923,2,1800,-1593.01171875
1924,2,1802,-1593.01171875
1925,2,1804,-1593.01171875
1926,2,1806,-1593.01171875
1927,2,1808,-1593.01171875
1928,2,1810,-1593.01171875
1929,2,1812,-1593.01171875
1930,2,1814,-1593.01171875
1931,2,1816,-1593.01171875
1932,2,1818,-1593.01171875
1933,2,1820,-1593.01171875
1934,2,1822,-1593.01171875
1935,2,1824,-1593.01171875
1936,2,1826,-1593.01171875
1937,2,1828,-1593.01171875
1938,2,1830,-1593.01171875
1939,2,1832,-1593.01171875
1940,2,1834,-1593.01171875
1941,2,1836,-1593.01171875
1942,2,1838,-1593.01171875
1943,2,1840,-1593.01171875
1944,2,1842,-1593.01171875
1945,2,1844,-1593.01171875
1946,2,1846,-1593.01171875
1947,2,1848,-1593.01171875
1948,2,1850,-1593.01171875
1949,2,1852,-1593.01171875
1950,2,1854,-1593.01171875
1951,2,1856,-1593.01171875
1952,2,1858,-1593.01171875
1953,2,1860,-1593.01171875
1954,2,1862,-1593.01171875
1955,2,1864,-1593.01171875
1956,2,1866,-1593.01171875
1957,2,1868,-1593.01171875
1958,2,1870,-1593.01171875
1959,2,1872,-1593.01171875
1960,2,1874,-1593.01171875
1961,2,1876,-1593.01171875
1962,2,1878,-1593.01171875
1963,2,1880,-1593.01171875
1964,2,1882,-1593.01171875
1965,2,1884,-1593.01171875
1966,2,1886,-1593.01171875
1967,2,1888,-1593.01171875
1968,2,1890,-1593.01171875
1969,2,1892,-1593.01171875
1970,2,1894,-1593.01171875
1971,2,1896,-1593.01171875
1972,2,1898,-1593.01171875
1973,2,1900,-1593.01171875
1974,2,1902,-1593.01171875
1975,2,1904,-1593.01171875
1976,2,1906,-1593.01171875
1977,2,1908,-1593.01171875
1978,2,1910,-1593.01171875
1979,2,1912,-1593.01171875
1980,2,1914,-1593.01171875
1981,2,1916,-1593.01171875
1982,2,1918,-1593.01171875
1983,2,1920,-1593.01171875
1984,2,1922,-1593.01171875
1985,2,1924,-1593.01171875
1986,2,1926,-1593.01171875
1987,2,1928,-1593.01171875
1988,2,1930,-1593.01171875
1989,2,1932,-1593.01171875
1990,2,1934,-1593.01171875
1991,2,1936,-1593.01171875
1992,2,1938,-1593.01171875
1993,2,1940,-1593.01171875
1994,2,1942,-1593.01171875
1995,2,1944,-1593.01171875
1996,2,1946,-1593.01171875
1997,2,1948,-1593.01171875
1998,2,1950,-1593.01171875
1999,2,1952,-1593.01171875
2000,2,1954,-1593.01171875
2001,2,1956,-1593.01171875
2002,2,1958,-1593.01171875
2003,2,1960,-1593.01171875
2004,2,1962,-1593.01171875
2005,2,1964,-1593.01171875
2006,2,1966,-1593.01171875
2007,2,1968,-1593.01171875
2008,2,1970,-1593.01171875
2009,2,1972,-1593.01171875
2010,2,1974,-1593.01171875
2011,2,1976,-1593.01171875
2012,2,1978,-1593.01171875
2013,2,1980,-1593.01171875
2014,2,1982,-1593.01171875
2015,2,1984,-1593.01171875
2016,2,1986,-1593.01171875
2017,2,1988,-1593.01171875
2018,2,1990,-1593.01171875
2019,2,1992,-1593.01171875
2020,2,1994,-1593.01171875
2021,2,1996,-1593.01171875
2022,2,1998,-1593.01171875
2023,2,2000,-1593.01171875
2024,2,2002,-1593.01171875
2025,2,2004,-1593.01171875
2026,2,2006,-1593.01171875
2027,2,2008,-1593.01171875
2028,2,2010,-1593.01171875
2029,2,2012,-1593.01171875
2030,2,2014,-1593.01171875
2031,2,2016,-1593.01171875
2032,2,2018,-1593.01171875
2033,2,2020,-1593.01171875
2034,2,2022,-1593.01171875
2035,2,2024,-1593.01171875
2036,2,2026,-1593.01171875
2037,2,2028,-1593.01171875
2038,2,2030,-1593.01171875
2039,2,2032,-1593.01171875
2040,2,2034,-1593.01171875
2041,2,2036,-1593.01171875
2042,2,2038,-1593.01171875
2043,2,2040,-1593.01171875
2044,2,2042,-1593.01171875
2045,2,2044,-1593.01171875
2046,2,2046,-1593.01171875
2047,2,2048,-1593.01171875
