,num_iterations,updates,energy
0,1,1,-1294.0356057564431
1,1,2,-1408.2585583026867
2,1,3,-1497.6635876549876
3,1,4,-1646.2203107928253
4,1,5,-1646.2203107928253
5,1,6,-1763.3716950380654
6,1,7,-1763.3716950380654
7,1,8,-1763.3716950380654
8,1,9,-1763.3716950380654
9,1,10,-1867.1895714137625
10,1,11,-1978.3744915805362
11,1,12,-2118.6191384677713
12,1,13,-2269.9234309414696
13,1,14,-2419.2224825520343
14,1,15,-2419.2224825520343
15,1,16,-2419.2224825520343
16,1,17,-2419.2224825520343
17,1,18,-2419.2224825520343
18,1,19,-2419.2224825520343
19,1,20,-2419.2224825520343
20,1,21,-2419.2224825520343
21,1,22,-2419.2224825520343
22,1,23,-2419.2224825520343
23,1,24,-2419.2224825520343
24,1,25,-2419.2224825520343
25,1,26,-2419.2224825520343
26,1,27,-2419.2224825520343
27,1,28,-2419.2224825520343
28,1,29,-2419.2224825520343
29,1,30,-2419.2224825520343
30,1,31,-2419.2224825520343
31,1,32,-2550.0303830040957
32,1,33,-2550.0303830040957
33,1,34,-2687.1630439454966
34,1,35,-2687.1630439454966
35,1,36,-2827.9510677530716
36,1,37,-3007.839249503754
37,1,38,-3169.1293424188248
38,1,39,-3169.1293424188248
39,1,40,-3349.347173215715
40,1,41,-3510.590651223685
41,1,42,-3510.590651223685
42,1,43,-3690.755584789252
43,1,44,-3818.682947460666
44,1,45,-3818.682947460666
45,1,46,-3990.5136584266575
46,1,47,-4141.875754433256
47,1,48,-4292.21070053953
48,1,49,-4520.179464718743
49,1,50,-4520.179464718743
50,1,51,-4520.179464718743
51,1,52,-4715.162200221681
52,1,53,-4871.497978300304
53,1,54,-4871.497978300304
54,1,55,-5071.486818569903
55,1,56,-5234.5361283878665
56,1,57,-5234.5361283878665
57,1,58,-5234.5361283878665
58,1,59,-5412.850723176145
59,1,60,-5412.850723176145
60,1,61,-5659.452099487626
61,1,62,-5836.810109113434
62,1,63,-5836.810109113434
63,1,64,-6089.113746348948
64,1,65,-6089.113746348948
65,1,66,-6313.652158094579
66,1,67,-6313.652158094579
67,1,68,-6502.605089529199
68,1,69,-6693.353364025553
69,1,70,-6693.353364025553
70,1,71,-6924.507702107057
71,1,72,-7124.496805977954
72,1,73,-7359.830423330626
73,1,74,-7607.719610247683
74,1,75,-7607.719610247683
75,1,76,-7881.985009473097
76,1,77,-7881.985009473097
77,1,78,-7881.985009473097
78,1,79,-7881.985009473097
79,1,80,-7881.985009473097
80,1,81,-8161.542043424222
81,1,82,-8396.152713682179
82,1,83,-8644.156825261507
83,1,84,-8880.17346360418
84,1,85,-8880.17346360418
85,1,86,-8880.17346360418
86,1,87,-9138.615854005282
87,1,88,-9431.662463592074
88,1,89,-9431.662463592074
89,1,90,-9736.15580295945
90,1,91,-9736.15580295945
91,1,92,-9736.15580295945
92,1,93,-9736.15580295945
93,1,94,-9736.15580295945
94,1,95,-9736.15580295945
95,1,96,-9981.70371190679
96,1,97,-9981.70371190679
97,1,98,-10232.16692927767
98,1,99,-10232.16692927767
99,1,100,-10232.16692927767
100,1,101,-10232.16692927767
101,1,102,-10529.860647809892
102,1,103,-10529.860647809892
103,1,104,-10529.860647809892
104,1,105,-10835.127058644455
105,1,106,-11115.432977147546
106,1,107,-11414.337996069926
107,1,108,-11786.83723965596
108,1,109,-11786.83723965596
109,1,110,-11786.83723965596
110,1,111,-12163.300621382223
111,1,112,-12471.759255386205
112,1,113,-12471.759255386205
113,1,114,-12471.759255386205
114,1,115,-12780.985905326434
115,1,116,-12780.985905326434
116,1,117,-13099.805825889307
117,1,118,-13099.805825889307
118,1,119,-13099.805825889307
119,1,120,-13398.886952438728
120,1,121,-13727.140242666705
121,1,122,-14096.33355741913
122,1,123,-14419.665383843305
123,1,124,-14419.665383843305
124,1,125,-14755.43872421786
125,1,126,-14755.43872421786
126,1,127,-15084.858865238539
127,1,128,-15084.858865238539
128,1,129,-15084.858865238539
129,1,130,-15084.858865238539
130,1,131,-15435.968945213453
131,1,132,-15435.968945213453
132,1,133,-15773.488888559437
133,1,134,-15773.488888559437
134,1,135,-16086.66139544364
135,1,136,-16459.378634638142
136,1,137,-16816.40930889955
137,1,138,-16816.40930889955
138,1,139,-17168.326635397796
139,1,140,-17516.149178646825
140,1,141,-17516.149178646825
141,1,142,-17516.149178646825
142,1,143,-17516.149178646825
143,1,144,-17516.149178646825
144,1,145,-17911.028141464893
145,1,146,-18316.59874711022
146,1,147,-18717.679133682395
147,1,148,-18717.679133682395
148,1,149,-19070.844419833524
149,1,150,-19070.844419833524
150,1,151,-19454.269117275864
151,1,152,-19454.269117275864
152,1,153,-19454.269117275864
153,1,154,-19853.122122656485
154,1,155,-19853.122122656485
155,1,156,-19853.122122656485
156,1,157,-20251.26803671987
157,1,158,-20251.26803671987
158,1,159,-20673.967472140008
159,1,160,-21058.647333060337
160,1,161,-21058.647333060337
161,1,162,-21462.99050821289
162,1,163,-21882.2012261661
163,1,164,-21882.2012261661
164,1,165,-22276.490017486547
165,1,166,-22276.490017486547
166,1,167,-22276.490017486547
167,1,168,-22652.160854385456
168,1,169,-22652.160854385456
169,1,170,-23102.312207302097
170,1,171,-23556.307356222645
171,1,172,-24001.25425833799
172,1,173,-24406.22678050065
173,1,174,-24406.22678050065
174,1,175,-24815.394126322113
175,1,176,-25280.92990567714
176,1,177,-25713.804318410075
177,1,178,-26170.62814202135
178,1,179,-26640.00136934421
179,1,180,-27083.5992694901
180,1,181,-27083.5992694901
181,1,182,-27592.366186015897
182,1,183,-27592.366186015897
183,1,184,-28059.37801659981
184,1,185,-28563.89231044292
185,1,186,-29054.62681159118
186,1,187,-29054.62681159118
187,1,188,-29509.413721514058
188,1,189,-29509.413721514058
189,1,190,-29509.413721514058
190,1,191,-29992.4918911922
191,1,192,-29992.4918911922
192,1,193,-29992.4918911922
193,1,194,-29992.4918911922
194,1,195,-29992.4918911922
195,1,196,-30471.775331675522
196,1,197,-30970.56811782141
197,1,198,-30970.56811782141
198,1,199,-30970.56811782141
199,1,200,-31490.674633766983
200,1,201,-31490.674633766983
201,1,202,-31490.674633766983
202,1,203,-31992.69832554857
203,1,204,-31992.69832554857
204,1,205,-31992.69832554857
205,1,206,-32480.29314014043
206,1,207,-32962.7233977644
207,1,208,-33474.6284128582
208,1,209,-34001.25921564663
209,1,210,-34001.25921564663
210,1,211,-34001.25921564663
211,1,212,-34494.40109032698
212,1,213,-35040.45432972083
213,1,214,-35571.978044842996
214,1,215,-35571.978044842996
215,1,216,-36088.91738142927
216,1,217,-36088.91738142927
217,1,218,-36620.00232360931
218,1,219,-36620.00232360931
219,1,220,-36620.00232360931
220,1,221,-37198.35670683392
221,1,222,-37198.35670683392
222,1,223,-37198.35670683392
223,1,224,-37720.76710443325
224,1,225,-37720.76710443325
225,1,226,-38264.89958253052
226,1,227,-38786.17787731956
227,1,228,-38786.17787731956
228,1,229,-38786.17787731956
229,1,230,-38786.17787731956
230,1,231,-39341.214570356075
231,1,232,-39875.367403042575
232,1,233,-39875.367403042575
233,1,234,-39875.367403042575
234,1,235,-39875.367403042575
235,1,236,-39875.367403042575
236,1,237,-39875.367403042575
237,1,238,-40440.57284114882
238,1,239,-40440.57284114882
239,1,240,-40440.57284114882
240,1,241,-40989.66693683724
241,1,242,-41585.54946489152
242,1,243,-41585.54946489152
243,1,244,-41585.54946489152
244,1,245,-42154.888266119466
245,1,246,-42154.888266119466
246,1,247,-42750.46222663237
247,1,248,-42750.46222663237
248,1,249,-43317.38420139326
249,1,250,-43892.63385347472
250,1,251,-44494.789557653494
251,1,252,-45114.60302541092
252,1,253,-45720.180443487814
253,1,254,-46341.56523549788
254,1,255,-46952.27292588331
255,1,256,-47532.753509663715
256,1,257,-47532.753509663715
257,1,258,-47532.753509663715
258,1,259,-48171.2504172293
259,1,260,-48171.2504172293
260,1,261,-48171.2504172293
261,1,262,-48171.2504172293
262,1,263,-48171.2504172293
263,1,264,-48800.46663058335
264,1,265,-48800.46663058335
265,1,266,-48800.46663058335
266,1,267,-48800.46663058335
267,1,268,-49453.152319386645
268,1,269,-50116.595488291554
269,1,270,-50116.595488291554
270,1,271,-50754.85970984396
271,1,272,-50754.85970984396
272,1,273,-51361.489942193264
273,1,274,-51991.816291168856
274,1,275,-52644.728190454654
275,1,276,-53282.44490985956
276,1,277,-53971.24853135123
277,1,278,-54615.57469627613
278,1,279,-55317.42982991179
279,1,280,-55916.19653561145
280,1,281,-55916.19653561145
281,1,282,-55916.19653561145
282,1,283,-56609.92160794769
283,1,284,-57282.653511400626
284,1,285,-57282.653511400626
285,1,286,-57962.60405585566
286,1,287,-57962.60405585566
287,1,288,-57962.60405585566
288,1,289,-57962.60405585566
289,1,290,-58645.93412984635
290,1,291,-58645.93412984635
291,1,292,-59337.47676184992
292,1,293,-59337.47676184992
293,1,294,-59337.47676184992
294,1,295,-59337.47676184992
295,1,296,-59337.47676184992
296,1,297,-59337.47676184992
297,1,298,-59337.47676184992
298,1,299,-60056.163839618996
299,1,300,-60798.091947081266
300,1,301,-61509.94077587263
301,1,302,-61509.94077587263
302,1,303,-62217.5837265105
303,1,304,-62217.5837265105
304,1,305,-62915.53643367057
305,1,306,-63593.48700414655
306,1,307,-64293.28634002025
307,1,308,-64994.77967241415
308,1,309,-64994.77967241415
309,1,310,-64994.77967241415
310,1,311,-64994.77967241415
311,1,312,-64994.77967241415
312,1,313,-64994.77967241415
313,1,314,-64994.77967241415
314,1,315,-64994.77967241415
315,1,316,-64994.77967241415
316,1,317,-65716.94456254633
317,1,318,-65716.94456254633
318,1,319,-65716.94456254633
319,1,320,-65716.94456254633
320,1,321,-65716.94456254633
321,1,322,-65716.94456254633
322,1,323,-66440.85058082006
323,1,324,-67150.24536615284
324,1,325,-67150.24536615284
325,1,326,-67880.99313024752
326,1,327,-67880.99313024752
327,1,328,-68598.22834460426
328,1,329,-69371.18015088167
329,1,330,-70134.20987746972
330,1,331,-70891.08728023476
331,1,332,-70891.08728023476
332,1,333,-71636.5356256766
333,1,334,-71636.5356256766
334,1,335,-71636.5356256766
335,1,336,-72413.80596064082
336,1,337,-72413.80596064082
337,1,338,-73193.7924508903
338,1,339,-73193.7924508903
339,1,340,-73193.7924508903
340,1,341,-74059.18024078937
341,1,342,-74059.18024078937
342,1,343,-74059.18024078937
343,1,344,-74757.60009137483
344,1,345,-74757.60009137483
345,1,346,-74757.60009137483
346,1,347,-75510.68366018581
347,1,348,-75510.68366018581
348,1,349,-75510.68366018581
349,1,350,-76325.45784595996
350,1,351,-76325.45784595996
351,1,352,-76325.45784595996
352,1,353,-77174.02622146303
353,1,354,-77174.02622146303
354,1,355,-77174.02622146303
355,1,356,-77174.02622146303
356,1,357,-77958.7238515606
357,1,358,-78731.5859009591
358,1,359,-79566.50564228604
359,1,360,-79566.50564228604
360,1,361,-79566.50564228604
361,1,362,-80353.1205223841
362,1,363,-80353.1205223841
363,1,364,-80353.1205223841
364,1,365,-81142.64941112144
365,1,366,-81973.55615047069
366,1,367,-81973.55615047069
367,1,368,-81973.55615047069
368,1,369,-81973.55615047069
369,1,370,-82813.81150630138
370,1,371,-83640.60506803746
371,1,372,-84455.72383316477
372,1,373,-85267.3948045737
373,1,374,-85267.3948045737
374,1,375,-85267.3948045737
375,1,376,-86080.7381234722
376,1,377,-86912.47473874255
377,1,378,-87728.28319502913
378,1,379,-87728.28319502913
379,1,380,-88556.2595093017
380,1,381,-89427.29478380324
381,1,382,-90256.55270209262
382,1,383,-91100.1880306775
383,1,384,-91920.60797122278
384,1,385,-91920.60797122278
385,1,386,-92791.2147717008
386,1,387,-92791.2147717008
387,1,388,-93609.55299791158
388,1,389,-94481.25109357643
389,1,390,-94481.25109357643
390,1,391,-95350.62506564113
391,1,392,-95350.62506564113
392,1,393,-96194.64480480754
393,1,394,-97094.18330683227
394,1,395,-97978.6023965303
395,1,396,-97978.6023965303
396,1,397,-97978.6023965303
397,1,398,-97978.6023965303
398,1,399,-97978.6023965303
399,1,400,-97978.6023965303
400,1,401,-97978.6023965303
401,1,402,-97978.6023965303
402,1,403,-97978.6023965303
403,1,404,-98874.44758552633
404,1,405,-98874.44758552633
405,1,406,-99758.63217975319
406,1,407,-100666.67960629944
407,1,408,-100666.67960629944
408,1,409,-101564.26926812824
409,1,410,-101564.26926812824
410,1,411,-101564.26926812824
411,1,412,-101564.26926812824
412,1,413,-102454.18382231418
413,1,414,-103401.46475235789
414,1,415,-103401.46475235789
415,1,416,-104280.63171916653
416,1,417,-104280.63171916653
417,1,418,-104280.63171916653
418,1,419,-104280.63171916653
419,1,420,-105165.01036236949
420,1,421,-106077.17685884156
421,1,422,-106077.17685884156
422,1,423,-106077.17685884156
423,1,424,-106077.17685884156
424,1,425,-107006.99043911017
425,1,426,-107006.99043911017
426,1,427,-107006.99043911017
427,1,428,-107006.99043911017
428,1,429,-107940.90296485301
429,1,430,-108876.27742212005
430,1,431,-108876.27742212005
431,1,432,-109779.23876496409
432,1,433,-109779.23876496409
433,1,434,-110707.80349855506
434,1,435,-110707.80349855506
435,1,436,-111648.95127531387
436,1,437,-111648.95127531387
437,1,438,-111648.95127531387
438,1,439,-112591.46161536354
439,1,440,-112591.46161536354
440,1,441,-113510.80510375707
441,1,442,-113510.80510375707
442,1,443,-113510.80510375707
443,1,444,-113510.80510375707
444,1,445,-113510.80510375707
445,1,446,-113510.80510375707
446,1,447,-114476.5012084335
447,1,448,-115392.83760600082
448,1,449,-116321.95743495086
449,1,450,-116321.95743495086
450,1,451,-117285.57542219418
451,1,452,-118293.67459873098
452,1,453,-119302.636859587
453,1,454,-119302.636859587
454,1,455,-120299.7249771202
455,1,456,-120299.7249771202
456,1,457,-120299.7249771202
457,1,458,-120299.7249771202
458,1,459,-121291.50474929076
459,1,460,-121291.50474929076
460,1,461,-122270.21324778319
461,1,462,-122270.21324778319
462,1,463,-123251.39010607943
463,1,464,-124254.34939685956
464,1,465,-124254.34939685956
465,1,466,-124254.34939685956
466,1,467,-124254.34939685956
467,1,468,-124254.34939685956
468,1,469,-124254.34939685956
469,1,470,-124254.34939685956
470,1,471,-125245.72414577633
471,1,472,-126275.39214696709
472,1,473,-126275.39214696709
473,1,474,-126275.39214696709
474,1,475,-127272.08573116684
475,1,476,-127272.08573116684
476,1,477,-128303.55048119127
477,1,478,-128303.55048119127
478,1,479,-129314.42465376772
479,1,480,-130373.15909392221
480,1,481,-130373.15909392221
481,1,482,-131417.20081757568
482,1,483,-131417.20081757568
483,1,484,-131417.20081757568
484,1,485,-131417.20081757568
485,1,486,-132429.666847377
486,1,487,-132429.666847377
487,1,488,-132429.666847377
488,1,489,-133472.79229416928
489,1,490,-133472.79229416928
490,1,491,-133472.79229416928
491,1,492,-134512.63707878836
492,1,493,-135598.72118419842
493,1,494,-135598.72118419842
494,1,495,-136668.72772357066
495,1,496,-136668.72772357066
496,1,497,-136668.72772357066
497,1,498,-137729.2451500952
498,1,499,-137729.2451500952
499,1,500,-137729.2451500952
500,1,501,-137729.2451500952
501,1,502,-138759.17277271015
502,1,503,-138759.17277271015
503,1,504,-138759.17277271015
504,1,505,-139850.8584788592
505,1,506,-140881.60133375414
506,1,507,-141967.47756327712
507,1,508,-141967.47756327712
508,1,509,-143081.08880667074
509,1,510,-143081.08880667074
510,1,511,-144167.88275809673
511,1,512,-145254.16669861285
512,1,513,-145254.16669861285
513,1,514,-146342.85301629017
514,1,515,-146342.85301629017
515,1,516,-147423.89483492885
516,1,517,-148491.06759738637
517,1,518,-149599.8383656008
518,1,519,-149599.8383656008
519,1,520,-150711.2156542757
520,1,521,-150711.2156542757
521,1,522,-151815.04134349525
522,1,523,-151815.04134349525
523,1,524,-152899.13792762475
524,1,525,-152899.13792762475
525,1,526,-152899.13792762475
526,1,527,-152899.13792762475
527,1,528,-152899.13792762475
528,1,529,-152899.13792762475
529,1,530,-152899.13792762475
530,1,531,-152899.13792762475
531,1,532,-154015.9034875345
532,1,533,-154015.9034875345
533,1,534,-155161.9983372224
534,1,535,-155161.9983372224
535,1,536,-156241.4212399376
536,1,537,-156241.4212399376
537,1,538,-157388.21097647276
538,1,539,-157388.21097647276
539,1,540,-158488.9598319591
540,1,541,-159605.65064663463
541,1,542,-160731.55792058515
542,1,543,-160731.55792058515
543,1,544,-161842.92757934018
544,1,545,-161842.92757934018
545,1,546,-162980.1216211114
546,1,547,-162980.1216211114
547,1,548,-164145.7389441938
548,1,549,-165292.50445936626
549,1,550,-165292.50445936626
550,1,551,-166455.48960522178
551,1,552,-166455.48960522178
552,1,553,-167623.12433434027
553,1,554,-168773.0828625733
554,1,555,-169926.22331940473
555,1,556,-169926.22331940473
556,1,557,-169926.22331940473
557,1,558,-171131.68559596283
558,1,559,-172341.42823997414
559,1,560,-173508.4772614011
560,1,561,-174704.78849380848
561,1,562,-174704.78849380848
562,1,563,-174704.78849380848
563,1,564,-174704.78849380848
564,1,565,-174704.78849380848
565,1,566,-174704.78849380848
566,1,567,-175897.1526931162
567,1,568,-177119.11933296992
568,1,569,-177119.11933296992
569,1,570,-178332.07591051073
570,1,571,-178332.07591051073
571,1,572,-179494.3271850259
572,1,573,-179494.3271850259
573,1,574,-180657.59126163364
574,1,575,-180657.59126163364
575,1,576,-181866.5397465536
576,1,577,-183043.0052495747
577,1,578,-183043.0052495747
578,1,579,-184270.7215545936
579,1,580,-185506.17582651833
580,1,581,-185506.17582651833
581,1,582,-185506.17582651833
582,1,583,-185506.17582651833
583,1,584,-185506.17582651833
584,1,585,-186748.95489256657
585,1,586,-186748.95489256657
586,1,587,-187952.88693213285
587,1,588,-189221.3342133286
588,1,589,-190448.62105799158
589,1,590,-191677.4310987664
590,1,591,-191677.4310987664
591,1,592,-192919.6198083203
592,1,593,-194213.69556074467
593,1,594,-194213.69556074467
594,1,595,-195467.47006046414
595,1,596,-196681.687501479
596,1,597,-196681.687501479
597,1,598,-197962.73959942616
598,1,599,-197962.73959942616
599,1,600,-199234.94802524394
600,1,601,-199234.94802524394
601,1,602,-199234.94802524394
602,1,603,-200532.63515972722
603,1,604,-201808.80538651836
604,1,605,-203053.50881984513
605,1,606,-203053.50881984513
606,1,607,-203053.50881984513
607,1,608,-204303.6819546825
608,1,609,-204303.6819546825
609,1,610,-205574.97790206745
610,1,611,-205574.97790206745
611,1,612,-205574.97790206745
612,1,613,-206827.0475464398
613,1,614,-208128.155376268
614,1,615,-208128.155376268
615,1,616,-208128.155376268
616,1,617,-208128.155376268
617,1,618,-208128.155376268
618,1,619,-208128.155376268
619,1,620,-209415.27050489152
620,1,621,-209415.27050489152
621,1,622,-210706.18594210048
622,1,623,-211988.51420172327
623,1,624,-213330.9647172928
624,1,625,-213330.9647172928
625,1,626,-213330.9647172928
626,1,627,-214621.3694579601
627,1,628,-214621.3694579601
628,1,629,-214621.3694579601
629,1,630,-214621.3694579601
630,1,631,-215875.8262371434
631,1,632,-215875.8262371434
632,1,633,-215875.8262371434
633,1,634,-217190.25427237808
634,1,635,-217190.25427237808
635,1,636,-217190.25427237808
636,1,637,-217190.25427237808
637,1,638,-217190.25427237808
638,1,639,-218492.90517903198
639,1,640,-219818.7857445837
640,1,641,-219818.7857445837
641,1,642,-221096.2689026042
642,1,643,-222472.473914611
643,1,644,-223817.22633510779
644,1,645,-223817.22633510779
645,1,646,-223817.22633510779
646,1,647,-225109.1566568243
647,1,648,-226488.90313305258
648,1,649,-227812.87698386083
649,1,650,-227812.87698386083
650,1,651,-229171.36019264758
651,1,652,-229171.36019264758
652,1,653,-230496.5253091752
653,1,654,-230496.5253091752
654,1,655,-230496.5253091752
655,1,656,-230496.5253091752
656,1,657,-230496.5253091752
657,1,658,-230496.5253091752
658,1,659,-231891.44473581793
659,1,660,-231891.44473581793
660,1,661,-233254.04844575317
661,1,662,-234627.08852466027
662,1,663,-234627.08852466027
663,1,664,-236010.19922084117
664,1,665,-236010.19922084117
665,1,666,-237341.55812919306
666,1,667,-237341.55812919306
667,1,668,-237341.55812919306
668,1,669,-238700.47102538295
669,1,670,-240084.7315916388
670,1,671,-240084.7315916388
671,1,672,-241443.6909371526
672,1,673,-241443.6909371526
673,1,674,-242858.19244038523
674,1,675,-242858.19244038523
675,1,676,-244293.4437365195
676,1,677,-245663.44659777125
677,1,678,-245663.44659777125
678,1,679,-247076.67874369302
679,1,680,-247076.67874369302
680,1,681,-247076.67874369302
681,1,682,-247076.67874369302
682,1,683,-248491.71300208545
683,1,684,-249921.85792018328
684,1,685,-249921.85792018328
685,1,686,-251300.1291641529
686,1,687,-252737.89825160342
687,1,688,-252737.89825160342
688,1,689,-254199.06600511496
689,1,690,-255606.09646031383
690,1,691,-257009.60797018226
691,1,692,-258464.11274707646
692,1,693,-258464.11274707646
693,1,694,-258464.11274707646
694,1,695,-259891.558225483
695,1,696,-261276.02234607236
696,1,697,-261276.02234607236
697,1,698,-262722.3669971432
698,1,699,-262722.3669971432
699,1,700,-264132.2063490917
700,1,701,-264132.2063490917
701,1,702,-265524.7752330876
702,1,703,-266982.9806006242
703,1,704,-266982.9806006242
704,1,705,-268409.726698154
705,1,706,-268409.726698154
706,1,707,-268409.726698154
707,1,708,-268409.726698154
708,1,709,-268409.726698154
709,1,710,-268409.726698154
710,1,711,-268409.726698154
711,1,712,-269882.04256268137
712,1,713,-271384.4367539893
713,1,714,-271384.4367539893
714,1,715,-271384.4367539893
715,1,716,-272847.31834596174
716,1,717,-272847.31834596174
717,1,718,-272847.31834596174
718,1,719,-274319.19842624594
719,1,720,-275807.4650955619
720,1,721,-277271.93894492
721,1,722,-277271.93894492
722,1,723,-278766.5067597323
723,1,724,-278766.5067597323
724,1,725,-278766.5067597323
725,1,726,-278766.5067597323
726,1,727,-278766.5067597323
727,1,728,-280261.86373412004
728,1,729,-280261.86373412004
729,1,730,-281772.1123603793
730,1,731,-281772.1123603793
731,1,732,-281772.1123603793
732,1,733,-281772.1123603793
733,1,734,-281772.1123603793
734,1,735,-283254.6068197076
735,1,736,-283254.6068197076
736,1,737,-283254.6068197076
737,1,738,-283254.6068197076
738,1,739,-283254.6068197076
739,1,740,-284761.8299079583
740,1,741,-286269.00345922017
741,1,742,-287746.044372993
742,1,743,-287746.044372993
743,1,744,-287746.044372993
744,1,745,-289282.1137040317
745,1,746,-289282.1137040317
746,1,747,-290836.4017518342
747,1,748,-290836.4017518342
748,1,749,-290836.4017518342
749,1,750,-292327.35047237086
750,1,751,-292327.35047237086
751,1,752,-293885.463866045
752,1,753,-293885.463866045
753,1,754,-295413.9068566116
754,1,755,-295413.9068566116
755,1,756,-296929.24425339024
756,1,757,-296929.24425339024
757,1,758,-296929.24425339024
758,1,759,-296929.24425339024
759,1,760,-296929.24425339024
760,1,761,-296929.24425339024
761,1,762,-298487.97299620276
762,1,763,-298487.97299620276
763,1,764,-298487.97299620276
764,1,765,-300022.4940637295
765,1,766,-300022.4940637295
766,1,767,-301558.00459790195
767,1,768,-303112.96707657375
768,1,769,-304637.9426114758
769,1,770,-304637.9426114758
770,1,771,-304637.9426114758
771,1,772,-306181.9762371625
772,1,773,-307780.72262299486
773,1,774,-307780.72262299486
774,1,775,-307780.72262299486
775,1,776,-309345.5123458026
776,1,777,-309345.5123458026
777,1,778,-310887.6587659569
778,1,779,-310887.6587659569
779,1,780,-312439.9787782888
780,1,781,-312439.9787782888
781,1,782,-314030.4425295919
782,1,783,-315652.55328066717
783,1,784,-317254.25386358146
784,1,785,-318837.6669319592
785,1,786,-318837.6669319592
786,1,787,-318837.6669319592
787,1,788,-318837.6669319592
788,1,789,-318837.6669319592
789,1,790,-318837.6669319592
790,1,791,-318837.6669319592
791,1,792,-320454.53619005054
792,1,793,-322020.6667559985
793,1,794,-323687.2302594864
794,1,795,-325306.91155982704
795,1,796,-325306.91155982704
796,1,797,-325306.91155982704
797,1,798,-325306.91155982704
798,1,799,-326888.2609694586
799,1,800,-326888.2609694586
800,1,801,-328532.359872651
801,1,802,-328532.359872651
802,1,803,-328532.359872651
803,1,804,-328532.359872651
804,1,805,-330160.36104292073
805,1,806,-331817.3487999296
806,1,807,-333419.1060330209
807,1,808,-335052.99100063555
808,1,809,-336663.9172228433
809,1,810,-336663.9172228433
810,1,811,-336663.9172228433
811,1,812,-338289.796425118
812,1,813,-338289.796425118
813,1,814,-339946.28448647156
814,1,815,-341611.48608542664
815,1,816,-343283.55559346883
816,1,817,-344956.38437164144
817,1,818,-344956.38437164144
818,1,819,-344956.38437164144
819,1,820,-344956.38437164144
820,1,821,-346669.75003472995
821,1,822,-348381.6291575151
822,1,823,-350017.89722599555
823,1,824,-350017.89722599555
824,1,825,-351671.82876300626
825,1,826,-351671.82876300626
826,1,827,-351671.82876300626
827,1,828,-353361.8193189476
828,1,829,-353361.8193189476
829,1,830,-355045.9769810982
830,1,831,-356733.52265182754
831,1,832,-356733.52265182754
832,1,833,-356733.52265182754
833,1,834,-358416.05249417474
834,1,835,-358416.05249417474
835,1,836,-360069.71220281353
836,1,837,-360069.71220281353
837,1,838,-360069.71220281353
838,1,839,-360069.71220281353
839,1,840,-360069.71220281353
840,1,841,-361750.4838773573
841,1,842,-363460.44121789356
842,1,843,-365136.8626177716
843,1,844,-365136.8626177716
844,1,845,-366810.9461333599
845,1,846,-368496.8355838638
846,1,847,-368496.8355838638
847,1,848,-368496.8355838638
848,1,849,-368496.8355838638
849,1,850,-368496.8355838638
850,1,851,-368496.8355838638
851,1,852,-368496.8355838638
852,1,853,-370251.0082645337
853,1,854,-372008.3781853554
854,1,855,-373768.49961005617
855,1,856,-375498.41127153556
856,1,857,-377260.0247758141
857,1,858,-378994.47530850075
858,1,859,-378994.47530850075
859,1,860,-380759.8841181515
860,1,861,-382538.89178115857
861,1,862,-384281.4923113462
862,1,863,-384281.4923113462
863,1,864,-386011.18281355
864,1,865,-387791.9493834719
865,1,866,-389571.01531731954
866,1,867,-391335.1279197461
867,1,868,-391335.1279197461
868,1,869,-391335.1279197461
869,1,870,-393093.20597091154
870,1,871,-394860.177816975
871,1,872,-396655.34473226126
872,1,873,-396655.34473226126
873,1,874,-398445.6998582557
874,1,875,-398445.6998582557
875,1,876,-398445.6998582557
876,1,877,-398445.6998582557
877,1,878,-400237.048138113
878,1,879,-402046.09082039294
879,1,880,-402046.09082039294
880,1,881,-402046.09082039294
881,1,882,-402046.09082039294
882,1,883,-403796.356178494
883,1,884,-403796.356178494
884,1,885,-405574.1088137355
885,1,886,-407370.64290789823
886,1,887,-409194.9163422533
887,1,888,-409194.9163422533
888,1,889,-409194.9163422533
889,1,890,-411041.2553403578
890,1,891,-412851.2730066854
891,1,892,-414688.17764253105
892,1,893,-414688.17764253105
893,1,894,-414688.17764253105
894,1,895,-416514.11029006186
895,1,896,-416514.11029006186
896,1,897,-418312.5159030482
897,1,898,-420170.5432762243
898,1,899,-422021.3963961839
899,1,900,-422021.3963961839
900,1,901,-423849.58604905603
901,1,902,-423849.58604905603
902,1,903,-425694.71048980305
903,1,904,-427522.4294737921
904,1,905,-427522.4294737921
905,1,906,-427522.4294737921
906,1,907,-429361.0804672014
907,1,908,-431199.3646419993
908,1,909,-433016.0440827203
909,1,910,-434934.3298557483
910,1,911,-434934.3298557483
911,1,912,-436795.78483006964
912,1,913,-438659.09937161114
913,1,914,-438659.09937161114
914,1,915,-438659.09937161114
915,1,916,-438659.09937161114
916,1,917,-438659.09937161114
917,1,918,-438659.09937161114
918,1,919,-438659.09937161114
919,1,920,-438659.09937161114
920,1,921,-440538.99972209905
921,1,922,-440538.99972209905
922,1,923,-440538.99972209905
923,1,924,-442431.567250166
924,1,925,-442431.567250166
925,1,926,-444324.2702236151
926,1,927,-446189.102223903
927,1,928,-446189.102223903
928,1,929,-448060.61561027425
929,1,930,-448060.61561027425
930,1,931,-448060.61561027425
931,1,932,-448060.61561027425
932,1,933,-448060.61561027425
933,1,934,-448060.61561027425
934,1,935,-448060.61561027425
935,1,936,-448060.61561027425
936,1,937,-449931.48573048087
937,1,938,-451808.91123164294
938,1,939,-451808.91123164294
939,1,940,-453713.2198004501
940,1,941,-453713.2198004501
941,1,942,-453713.2198004501
942,1,943,-453713.2198004501
943,1,944,-455595.8883635532
944,1,945,-457481.7404785276
945,1,946,-459417.42200181726
946,1,947,-461273.736460191
947,1,948,-461273.736460191
948,1,949,-463171.41118690255
949,1,950,-463171.41118690255
950,1,951,-465060.78970563406
951,1,952,-465060.78970563406
952,1,953,-467018.2557042617
953,1,954,-468917.32955257996
954,1,955,-468917.32955257996
955,1,956,-468917.32955257996
956,1,957,-470850.978016517
957,1,958,-472810.04807115195
958,1,959,-472810.04807115195
959,1,960,-472810.04807115195
960,1,961,-472810.04807115195
961,1,962,-474746.3578642664
962,1,963,-474746.3578642664
963,1,964,-476718.0881215808
964,1,965,-476718.0881215808
965,1,966,-476718.0881215808
966,1,967,-476718.0881215808
967,1,968,-476718.0881215808
968,1,969,-478633.1402416886
969,1,970,-480574.5658375586
970,1,971,-482542.92316078965
971,1,972,-482542.92316078965
972,1,973,-484497.1281734413
973,1,974,-484497.1281734413
974,1,975,-486499.30651674746
975,1,976,-488434.79425177263
976,1,977,-490369.639577057
977,1,978,-490369.639577057
978,1,979,-492349.95453118614
979,1,980,-492349.95453118614
980,1,981,-492349.95453118614
981,1,982,-494322.5660782497
982,1,983,-494322.5660782497
983,1,984,-494322.5660782497
984,1,985,-494322.5660782497
985,1,986,-494322.5660782497
986,1,987,-494322.5660782497
987,1,988,-494322.5660782497
988,1,989,-494322.5660782497
989,1,990,-496284.7103863996
990,1,991,-498274.0215944212
991,1,992,-498274.0215944212
992,1,993,-498274.0215944212
993,1,994,-498274.0215944212
994,1,995,-498274.0215944212
995,1,996,-498274.0215944212
996,1,997,-500276.0381466679
997,1,998,-502281.75724929885
998,1,999,-502281.75724929885
999,1,1000,-504285.90782678494
1000,1,1001,-506272.079057997
1001,1,1002,-506272.079057997
1002,1,1003,-506272.079057997
1003,1,1004,-506272.079057997
1004,1,1005,-506272.079057997
1005,1,1006,-506272.079057997
1006,1,1007,-506272.079057997
1007,1,1008,-506272.079057997
1008,1,1009,-506272.079057997
1009,1,1010,-506272.079057997
1010,1,1011,-508293.9237963142
1011,1,1012,-508293.9237963142
1012,1,1013,-508293.9237963142
1013,1,1014,-510323.6598855752
1014,1,1015,-512411.6842758693
1015,1,1016,-512411.6842758693
1016,1,1017,-512411.6842758693
1017,1,1018,-514434.96198958677
1018,1,1019,-516478.2912407271
1019,1,1020,-518492.3115366796
1020,1,1021,-520521.79762053234
1021,1,1022,-522548.433494688
1022,1,1023,-524596.282654671
1023,1,1024,-524596.282654671
1024,2,2,-524596.282654671
1025,2,4,-524596.282654671
1026,2,6,-524596.282654671
1027,2,8,-524596.282654671
1028,2,10,-524596.282654671
1029,2,12,-524596.282654671
1030,2,14,-524596.282654671
1031,2,16,-524596.282654671
1032,2,18,-524596.282654671
1033,2,20,-524596.282654671
1034,2,22,-524596.282654671
1035,2,24,-524596.282654671
1036,2,26,-524596.282654671
1037,2,28,-524596.282654671
1038,2,30,-524596.282654671
1039,2,32,-524596.282654671
1040,2,34,-524596.282654671
1041,2,36,-524596.282654671
1042,2,38,-524596.282654671
1043,2,40,-524596.282654671
1044,2,42,-524596.282654671
1045,2,44,-524596.282654671
1046,2,46,-524596.282654671
1047,2,48,-524596.282654671
1048,2,50,-524596.282654671
1049,2,52,-524596.282654671
1050,2,54,-524596.282654671
1051,2,56,-524596.282654671
1052,2,58,-524596.282654671
1053,2,60,-524596.282654671
1054,2,62,-524596.282654671
1055,2,64,-524596.282654671
1056,2,66,-524596.282654671
1057,2,68,-524596.282654671
1058,2,70,-524596.282654671
1059,2,72,-524596.282654671
1060,2,74,-524596.282654671
1061,2,76,-524596.282654671
1062,2,78,-524596.282654671
1063,2,80,-524596.282654671
1064,2,82,-524596.282654671
1065,2,84,-524596.282654671
1066,2,86,-524596.282654671
1067,2,88,-524596.282654671
1068,2,90,-524596.282654671
1069,2,92,-524596.282654671
1070,2,94,-524596.282654671
1071,2,96,-524596.282654671
1072,2,98,-524596.282654671
1073,2,100,-524596.282654671
1074,2,102,-524596.282654671
1075,2,104,-524596.282654671
1076,2,106,-524596.282654671
1077,2,108,-524596.282654671
1078,2,110,-524596.282654671
1079,2,112,-524596.282654671
1080,2,114,-524596.282654671
1081,2,116,-524596.282654671
1082,2,118,-524596.282654671
1083,2,120,-524596.282654671
1084,2,122,-524596.282654671
1085,2,124,-524596.282654671
1086,2,126,-524596.282654671
1087,2,128,-524596.282654671
1088,2,130,-524596.282654671
1089,2,132,-524596.282654671
1090,2,134,-524596.282654671
1091,2,136,-524596.282654671
1092,2,138,-524596.282654671
1093,2,140,-524596.282654671
1094,2,142,-524596.282654671
1095,2,144,-524596.282654671
1096,2,146,-524596.282654671
1097,2,148,-524596.282654671
1098,2,150,-524596.282654671
1099,2,152,-524596.282654671
1100,2,154,-524596.282654671
1101,2,156,-524596.282654671
1102,2,158,-524596.282654671
1103,2,160,-524596.282654671
1104,2,162,-524596.282654671
1105,2,164,-524596.282654671
1106,2,166,-524596.282654671
1107,2,168,-524596.282654671
1108,2,170,-524596.282654671
1109,2,172,-524596.282654671
1110,2,174,-524596.282654671
1111,2,176,-524596.282654671
1112,2,178,-524596.282654671
1113,2,180,-524596.282654671
1114,2,182,-524596.282654671
1115,2,184,-524596.282654671
1116,2,186,-524596.282654671
1117,2,188,-524596.282654671
1118,2,190,-524596.282654671
1119,2,192,-524596.282654671
1120,2,194,-524596.282654671
1121,2,196,-524596.282654671
1122,2,198,-524596.282654671
1123,2,200,-524596.282654671
1124,2,202,-524596.282654671
1125,2,204,-524596.282654671
1126,2,206,-524596.282654671
1127,2,208,-524596.282654671
1128,2,210,-524596.282654671
1129,2,212,-524596.282654671
1130,2,214,-524596.282654671
1131,2,216,-524596.282654671
1132,2,218,-524596.282654671
1133,2,220,-524596.282654671
1134,2,222,-524596.282654671
1135,2,224,-524596.282654671
1136,2,226,-524596.282654671
1137,2,228,-524596.282654671
1138,2,230,-524596.282654671
1139,2,232,-524596.282654671
1140,2,234,-524596.282654671
1141,2,236,-524596.282654671
1142,2,238,-524596.282654671
1143,2,240,-524596.282654671
1144,2,242,-524596.282654671
1145,2,244,-524596.282654671
1146,2,246,-524596.282654671
1147,2,248,-524596.282654671
1148,2,250,-524596.282654671
1149,2,252,-524596.282654671
1150,2,254,-524596.282654671
1151,2,256,-524596.282654671
1152,2,258,-524596.282654671
1153,2,260,-524596.282654671
1154,2,262,-524596.282654671
1155,2,264,-524596.282654671
1156,2,266,-524596.282654671
1157,2,268,-524596.282654671
1158,2,270,-524596.282654671
1159,2,272,-524596.282654671
1160,2,274,-524596.282654671
1161,2,276,-524596.282654671
1162,2,278,-524596.282654671
1163,2,280,-524596.282654671
1164,2,282,-524596.282654671
1165,2,284,-524596.282654671
1166,2,286,-524596.282654671
1167,2,288,-524596.282654671
1168,2,290,-524596.282654671
1169,2,292,-524596.282654671
1170,2,294,-524596.282654671
1171,2,296,-524596.282654671
1172,2,298,-524596.282654671
1173,2,300,-524596.282654671
1174,2,302,-524596.282654671
1175,2,304,-524596.282654671
1176,2,306,-524596.282654671
1177,2,308,-524596.282654671
1178,2,310,-524596.282654671
1179,2,312,-524596.282654671
1180,2,314,-524596.282654671
1181,2,316,-524596.282654671
1182,2,318,-524596.282654671
1183,2,320,-524596.282654671
1184,2,322,-524596.282654671
1185,2,324,-524596.282654671
1186,2,326,-524596.282654671
1187,2,328,-524596.282654671
1188,2,330,-524596.282654671
1189,2,332,-524596.282654671
1190,2,334,-524596.282654671
1191,2,336,-524596.282654671
1192,2,338,-524596.282654671
1193,2,340,-524596.282654671
1194,2,342,-524596.282654671
1195,2,344,-524596.282654671
1196,2,346,-524596.282654671
1197,2,348,-524596.282654671
1198,2,350,-524596.282654671
1199,2,352,-524596.282654671
1200,2,354,-524596.282654671
1201,2,356,-524596.282654671
1202,2,358,-524596.282654671
1203,2,360,-524596.282654671
1204,2,362,-524596.282654671
1205,2,364,-524596.282654671
1206,2,366,-524596.282654671
1207,2,368,-524596.282654671
1208,2,370,-524596.282654671
1209,2,372,-524596.282654671
1210,2,374,-524596.282654671
1211,2,376,-524596.282654671
1212,2,378,-524596.282654671
1213,2,380,-524596.282654671
1214,2,382,-524596.282654671
1215,2,384,-524596.282654671
1216,2,386,-524596.282654671
1217,2,388,-524596.282654671
1218,2,390,-524596.282654671
1219,2,392,-524596.282654671
1220,2,394,-524596.282654671
1221,2,396,-524596.282654671
1222,2,398,-524596.282654671
1223,2,400,-524596.282654671
1224,2,402,-524596.282654671
1225,2,404,-524596.282654671
1226,2,406,-524596.282654671
1227,2,408,-524596.282654671
1228,2,410,-524596.282654671
1229,2,412,-524596.282654671
1230,2,414,-524596.282654671
1231,2,416,-524596.282654671
1232,2,418,-524596.282654671
1233,2,420,-524596.282654671
1234,2,422,-524596.282654671
1235,2,424,-524596.282654671
1236,2,426,-524596.282654671
1237,2,428,-524596.282654671
1238,2,430,-524596.282654671
1239,2,432,-524596.282654671
1240,2,434,-524596.282654671
1241,2,436,-524596.282654671
1242,2,438,-524596.282654671
1243,2,440,-524596.282654671
1244,2,442,-524596.282654671
1245,2,444,-524596.282654671
1246,2,446,-524596.282654671
1247,2,448,-524596.282654671
1248,2,450,-524596.282654671
1249,2,452,-524596.282654671
1250,2,454,-524596.282654671
1251,2,456,-524596.282654671
1252,2,458,-524596.282654671
1253,2,460,-524596.282654671
1254,2,462,-524596.282654671
1255,2,464,-524596.282654671
1256,2,466,-524596.282654671
1257,2,468,-524596.282654671
1258,2,470,-524596.282654671
1259,2,472,-524596.282654671
1260,2,474,-524596.282654671
1261,2,476,-524596.282654671
1262,2,478,-524596.282654671
1263,2,480,-524596.282654671
1264,2,482,-524596.282654671
1265,2,484,-524596.282654671
1266,2,486,-524596.282654671
1267,2,488,-524596.282654671
1268,2,490,-524596.282654671
1269,2,492,-524596.282654671
1270,2,494,-524596.282654671
1271,2,496,-524596.282654671
1272,2,498,-524596.282654671
1273,2,500,-524596.282654671
1274,2,502,-524596.282654671
1275,2,504,-524596.282654671
1276,2,506,-524596.282654671
1277,2,508,-524596.282654671
1278,2,510,-524596.282654671
1279,2,512,-524596.282654671
1280,2,514,-524596.282654671
1281,2,516,-524596.282654671
1282,2,518,-524596.282654671
1283,2,520,-524596.282654671
1284,2,522,-524596.282654671
1285,2,524,-524596.282654671
1286,2,526,-524596.282654671
1287,2,528,-524596.282654671
1288,2,530,-524596.282654671
1289,2,532,-524596.282654671
1290,2,534,-524596.282654671
1291,2,536,-524596.282654671
1292,2,538,-524596.282654671
1293,2,540,-524596.282654671
1294,2,542,-524596.282654671
1295,2,544,-524596.282654671
1296,2,546,-524596.282654671
1297,2,548,-524596.282654671
1298,2,550,-524596.282654671
1299,2,552,-524596.282654671
1300,2,554,-524596.282654671
1301,2,556,-524596.282654671
1302,2,558,-524596.282654671
1303,2,560,-524596.282654671
1304,2,562,-524596.282654671
1305,2,564,-524596.282654671
1306,2,566,-524596.282654671
1307,2,568,-524596.282654671
1308,2,570,-524596.282654671
1309,2,572,-524596.282654671
1310,2,574,-524596.282654671
1311,2,576,-524596.282654671
1312,2,578,-524596.282654671
1313,2,580,-524596.282654671
1314,2,582,-524596.282654671
1315,2,584,-524596.282654671
1316,2,586,-524596.282654671
1317,2,588,-524596.282654671
1318,2,590,-524596.282654671
1319,2,592,-524596.282654671
1320,2,594,-524596.282654671
1321,2,596,-524596.282654671
1322,2,598,-524596.282654671
1323,2,600,-524596.282654671
1324,2,602,-524596.282654671
1325,2,604,-524596.282654671
1326,2,606,-524596.282654671
1327,2,608,-524596.282654671
1328,2,610,-524596.282654671
1329,2,612,-524596.282654671
1330,2,614,-524596.282654671
1331,2,616,-524596.282654671
1332,2,618,-524596.282654671
1333,2,620,-524596.282654671
1334,2,622,-524596.282654671
1335,2,624,-524596.282654671
1336,2,626,-524596.282654671
1337,2,628,-524596.282654671
1338,2,630,-524596.282654671
1339,2,632,-524596.282654671
1340,2,634,-524596.282654671
1341,2,636,-524596.282654671
1342,2,638,-524596.282654671
1343,2,640,-524596.282654671
1344,2,642,-524596.282654671
1345,2,644,-524596.282654671
1346,2,646,-524596.282654671
1347,2,648,-524596.282654671
1348,2,650,-524596.282654671
1349,2,652,-524596.282654671
1350,2,654,-524596.282654671
1351,2,656,-524596.282654671
1352,2,658,-524596.282654671
1353,2,660,-524596.282654671
1354,2,662,-524596.282654671
1355,2,664,-524596.282654671
1356,2,666,-524596.282654671
1357,2,668,-524596.282654671
1358,2,670,-524596.282654671
1359,2,672,-524596.282654671
1360,2,674,-524596.282654671
1361,2,676,-524596.282654671
1362,2,678,-524596.282654671
1363,2,680,-524596.282654671
1364,2,682,-524596.282654671
1365,2,684,-524596.282654671
1366,2,686,-524596.282654671
1367,2,688,-524596.282654671
1368,2,690,-524596.282654671
1369,2,692,-524596.282654671
1370,2,694,-524596.282654671
1371,2,696,-524596.282654671
1372,2,698,-524596.282654671
1373,2,700,-524596.282654671
1374,2,702,-524596.282654671
1375,2,704,-524596.282654671
1376,2,706,-524596.282654671
1377,2,708,-524596.282654671
1378,2,710,-524596.282654671
1379,2,712,-524596.282654671
1380,2,714,-524596.282654671
1381,2,716,-524596.282654671
1382,2,718,-524596.282654671
1383,2,720,-524596.282654671
1384,2,722,-524596.282654671
1385,2,724,-524596.282654671
1386,2,726,-524596.282654671
1387,2,728,-524596.282654671
1388,2,730,-524596.282654671
1389,2,732,-524596.282654671
1390,2,734,-524596.282654671
1391,2,736,-524596.282654671
1392,2,738,-524596.282654671
1393,2,740,-524596.282654671
1394,2,742,-524596.282654671
1395,2,744,-524596.282654671
1396,2,746,-524596.282654671
1397,2,748,-524596.282654671
1398,2,750,-524596.282654671
1399,2,752,-524596.282654671
1400,2,754,-524596.282654671
1401,2,756,-524596.282654671
1402,2,758,-524596.282654671
1403,2,760,-524596.282654671
1404,2,762,-524596.282654671
1405,2,764,-524596.282654671
1406,2,766,-524596.282654671
1407,2,768,-524596.282654671
1408,2,770,-524596.282654671
1409,2,772,-524596.282654671
1410,2,774,-524596.282654671
1411,2,776,-524596.282654671
1412,2,778,-524596.282654671
1413,2,780,-524596.282654671
1414,2,782,-524596.282654671
1415,2,784,-524596.282654671
1416,2,786,-524596.282654671
1417,2,788,-524596.282654671
1418,2,790,-524596.282654671
1419,2,792,-524596.282654671
1420,2,794,-524596.282654671
1421,2,796,-524596.282654671
1422,2,798,-524596.282654671
1423,2,800,-524596.282654671
1424,2,802,-524596.282654671
1425,2,804,-524596.282654671
1426,2,806,-524596.282654671
1427,2,808,-524596.282654671
1428,2,810,-524596.282654671
1429,2,812,-524596.282654671
1430,2,814,-524596.282654671
1431,2,816,-524596.282654671
1432,2,818,-524596.282654671
1433,2,820,-524596.282654671
1434,2,822,-524596.282654671
1435,2,824,-524596.282654671
1436,2,826,-524596.282654671
1437,2,828,-524596.282654671
1438,2,830,-524596.282654671
1439,2,832,-524596.282654671
1440,2,834,-524596.282654671
1441,2,836,-524596.282654671
1442,2,838,-524596.282654671
1443,2,840,-524596.282654671
1444,2,842,-524596.282654671
1445,2,844,-524596.282654671
1446,2,846,-524596.282654671
1447,2,848,-524596.282654671
1448,2,850,-524596.282654671
1449,2,852,-524596.282654671
1450,2,854,-524596.282654671
1451,2,856,-524596.282654671
1452,2,858,-524596.282654671
1453,2,860,-524596.282654671
1454,2,862,-524596.282654671
1455,2,864,-524596.282654671
1456,2,866,-524596.282654671
1457,2,868,-524596.282654671
1458,2,870,-524596.282654671
1459,2,872,-524596.282654671
1460,2,874,-524596.282654671
1461,2,876,-524596.282654671
1462,2,878,-524596.282654671
1463,2,880,-524596.282654671
1464,2,882,-524596.282654671
1465,2,884,-524596.282654671
1466,2,886,-524596.282654671
1467,2,888,-524596.282654671
1468,2,890,-524596.282654671
1469,2,892,-524596.282654671
1470,2,894,-524596.282654671
1471,2,896,-524596.282654671
1472,2,898,-524596.282654671
1473,2,900,-524596.282654671
1474,2,902,-524596.282654671
1475,2,904,-524596.282654671
1476,2,906,-524596.282654671
1477,2,908,-524596.282654671
1478,2,910,-524596.282654671
1479,2,912,-524596.282654671
1480,2,914,-524596.282654671
1481,2,916,-524596.282654671
1482,2,918,-524596.282654671
1483,2,920,-524596.282654671
1484,2,922,-524596.282654671
1485,2,924,-524596.282654671
1486,2,926,-524596.282654671
1487,2,928,-524596.282654671
1488,2,930,-524596.282654671
1489,2,932,-524596.282654671
1490,2,934,-524596.282654671
1491,2,936,-524596.282654671
1492,2,938,-524596.282654671
1493,2,940,-524596.282654671
1494,2,942,-524596.282654671
1495,2,944,-524596.282654671
1496,2,946,-524596.282654671
1497,2,948,-524596.282654671
1498,2,950,-524596.282654671
1499,2,952,-524596.282654671
1500,2,954,-524596.282654671
1501,2,956,-524596.282654671
1502,2,958,-524596.282654671
1503,2,960,-524596.282654671
1504,2,962,-524596.282654671
1505,2,964,-524596.282654671
1506,2,966,-524596.282654671
1507,2,968,-524596.282654671
1508,2,970,-524596.282654671
1509,2,972,-524596.282654671
1510,2,974,-524596.282654671
1511,2,976,-524596.282654671
1512,2,978,-524596.282654671
1513,2,980,-524596.282654671
1514,2,982,-524596.282654671
1515,2,984,-524596.282654671
1516,2,986,-524596.282654671
1517,2,988,-524596.282654671
1518,2,990,-524596.282654671
1519,2,992,-524596.282654671
1520,2,994,-524596.282654671
1521,2,996,-524596.282654671
1522,2,998,-524596.282654671
1523,2,1000,-524596.282654671
1524,2,1002,-524596.282654671
1525,2,1004,-524596.282654671
1526,2,1006,-524596.282654671
1527,2,1008,-524596.282654671
1528,2,1010,-524596.282654671
1529,2,1012,-524596.282654671
1530,2,1014,-524596.282654671
1531,2,1016,-524596.282654671
1532,2,1018,-524596.282654671
1533,2,1020,-524596.282654671
1534,2,1022,-524596.282654671
1535,2,1024,-524596.282654671
1536,2,1026,-524596.282654671
1537,2,1028,-524596.282654671
1538,2,1030,-524596.282654671
1539,2,1032,-524596.282654671
1540,2,1034,-524596.282654671
1541,2,1036,-524596.282654671
1542,2,1038,-524596.282654671
1543,2,1040,-524596.282654671
1544,2,1042,-524596.282654671
1545,2,1044,-524596.282654671
1546,2,1046,-524596.282654671
1547,2,1048,-524596.282654671
1548,2,1050,-524596.282654671
1549,2,1052,-524596.282654671
1550,2,1054,-524596.282654671
1551,2,1056,-524596.282654671
1552,2,1058,-524596.282654671
1553,2,1060,-524596.282654671
1554,2,1062,-524596.282654671
1555,2,1064,-524596.282654671
1556,2,1066,-524596.282654671
1557,2,1068,-524596.282654671
1558,2,1070,-524596.282654671
1559,2,1072,-524596.282654671
1560,2,1074,-524596.282654671
1561,2,1076,-524596.282654671
1562,2,1078,-524596.282654671
1563,2,1080,-524596.282654671
1564,2,1082,-524596.282654671
1565,2,1084,-524596.282654671
1566,2,1086,-524596.282654671
1567,2,1088,-524596.282654671
1568,2,1090,-524596.282654671
1569,2,1092,-524596.282654671
1570,2,1094,-524596.282654671
1571,2,1096,-524596.282654671
1572,2,1098,-524596.282654671
1573,2,1100,-524596.282654671
1574,2,1102,-524596.282654671
1575,2,1104,-524596.282654671
1576,2,1106,-524596.282654671
1577,2,1108,-524596.282654671
1578,2,1110,-524596.282654671
1579,2,1112,-524596.282654671
1580,2,1114,-524596.282654671
1581,2,1116,-524596.282654671
1582,2,1118,-524596.282654671
1583,2,1120,-524596.282654671
1584,2,1122,-524596.282654671
1585,2,1124,-524596.282654671
1586,2,1126,-524596.282654671
1587,2,1128,-524596.282654671
1588,2,1130,-524596.282654671
1589,2,1132,-524596.282654671
1590,2,1134,-524596.282654671
1591,2,1136,-524596.282654671
1592,2,1138,-524596.282654671
1593,2,1140,-524596.282654671
1594,2,1142,-524596.282654671
1595,2,1144,-524596.282654671
1596,2,1146,-524596.282654671
1597,2,1148,-524596.282654671
1598,2,1150,-524596.282654671
1599,2,1152,-524596.282654671
1600,2,1154,-524596.282654671
1601,2,1156,-524596.282654671
1602,2,1158,-524596.282654671
1603,2,1160,-524596.282654671
1604,2,1162,-524596.282654671
1605,2,1164,-524596.282654671
1606,2,1166,-524596.282654671
1607,2,1168,-524596.282654671
1608,2,1170,-524596.282654671
1609,2,1172,-524596.282654671
1610,2,1174,-524596.282654671
1611,2,1176,-524596.282654671
1612,2,1178,-524596.282654671
1613,2,1180,-524596.282654671
1614,2,1182,-524596.282654671
1615,2,1184,-524596.282654671
1616,2,1186,-524596.282654671
1617,2,1188,-524596.282654671
1618,2,1190,-524596.282654671
1619,2,1192,-524596.282654671
1620,2,1194,-524596.282654671
1621,2,1196,-524596.282654671
1622,2,1198,-524596.282654671
1623,2,1200,-524596.282654671
1624,2,1202,-524596.282654671
1625,2,1204,-524596.282654671
1626,2,1206,-524596.282654671
1627,2,1208,-524596.282654671
1628,2,1210,-524596.282654671
1629,2,1212,-524596.282654671
1630,2,1214,-524596.282654671
1631,2,1216,-524596.282654671
1632,2,1218,-524596.282654671
1633,2,1220,-524596.282654671
1634,2,1222,-524596.282654671
1635,2,1224,-524596.282654671
1636,2,1226,-524596.282654671
1637,2,1228,-524596.282654671
1638,2,1230,-524596.282654671
1639,2,1232,-524596.282654671
1640,2,1234,-524596.282654671
1641,2,1236,-524596.282654671
1642,2,1238,-524596.282654671
1643,2,1240,-524596.282654671
1644,2,1242,-524596.282654671
1645,2,1244,-524596.282654671
1646,2,1246,-524596.282654671
1647,2,1248,-524596.282654671
1648,2,1250,-524596.282654671
1649,2,1252,-524596.282654671
1650,2,1254,-524596.282654671
1651,2,1256,-524596.282654671
1652,2,1258,-524596.282654671
1653,2,1260,-524596.282654671
1654,2,1262,-524596.282654671
1655,2,1264,-524596.282654671
1656,2,1266,-524596.282654671
1657,2,1268,-524596.282654671
1658,2,1270,-524596.282654671
1659,2,1272,-524596.282654671
1660,2,1274,-524596.282654671
1661,2,1276,-524596.282654671
1662,2,1278,-524596.282654671
1663,2,1280,-524596.282654671
1664,2,1282,-524596.282654671
1665,2,1284,-524596.282654671
1666,2,1286,-524596.282654671
1667,2,1288,-524596.282654671
1668,2,1290,-524596.282654671
1669,2,1292,-524596.282654671
1670,2,1294,-524596.282654671
1671,2,1296,-524596.282654671
1672,2,1298,-524596.282654671
1673,2,1300,-524596.282654671
1674,2,1302,-524596.282654671
1675,2,1304,-524596.282654671
1676,2,1306,-524596.282654671
1677,2,1308,-524596.282654671
1678,2,1310,-524596.282654671
1679,2,1312,-524596.282654671
1680,2,1314,-524596.282654671
1681,2,1316,-524596.282654671
1682,2,1318,-524596.282654671
1683,2,1320,-524596.282654671
1684,2,1322,-524596.282654671
1685,2,1324,-524596.282654671
1686,2,1326,-524596.282654671
1687,2,1328,-524596.282654671
1688,2,1330,-524596.282654671
1689,2,1332,-524596.282654671
1690,2,1334,-524596.282654671
1691,2,1336,-524596.282654671
1692,2,1338,-524596.282654671
1693,2,1340,-524596.282654671
1694,2,1342,-524596.282654671
1695,2,1344,-524596.282654671
1696,2,1346,-524596.282654671
1697,2,1348,-524596.282654671
1698,2,1350,-524596.282654671
1699,2,1352,-524596.282654671
1700,2,1354,-524596.282654671
1701,2,1356,-524596.282654671
1702,2,1358,-524596.282654671
1703,2,1360,-524596.282654671
1704,2,1362,-524596.282654671
1705,2,1364,-524596.282654671
1706,2,1366,-524596.282654671
1707,2,1368,-524596.282654671
1708,2,1370,-524596.282654671
1709,2,1372,-524596.282654671
1710,2,1374,-524596.282654671
1711,2,1376,-524596.282654671
1712,2,1378,-524596.282654671
1713,2,1380,-524596.282654671
1714,2,1382,-524596.282654671
1715,2,1384,-524596.282654671
1716,2,1386,-524596.282654671
1717,2,1388,-524596.282654671
1718,2,1390,-524596.282654671
1719,2,1392,-524596.282654671
1720,2,1394,-524596.282654671
1721,2,1396,-524596.282654671
1722,2,1398,-524596.282654671
1723,2,1400,-524596.282654671
1724,2,1402,-524596.282654671
1725,2,1404,-524596.282654671
1726,2,1406,-524596.282654671
1727,2,1408,-524596.282654671
1728,2,1410,-524596.282654671
1729,2,1412,-524596.282654671
1730,2,1414,-524596.282654671
1731,2,1416,-524596.282654671
1732,2,1418,-524596.282654671
1733,2,1420,-524596.282654671
1734,2,1422,-524596.282654671
1735,2,1424,-524596.282654671
1736,2,1426,-524596.282654671
1737,2,1428,-524596.282654671
1738,2,1430,-524596.282654671
1739,2,1432,-524596.282654671
1740,2,1434,-524596.282654671
1741,2,1436,-524596.282654671
1742,2,1438,-524596.282654671
1743,2,1440,-524596.282654671
1744,2,1442,-524596.282654671
1745,2,1444,-524596.282654671
1746,2,1446,-524596.282654671
1747,2,1448,-524596.282654671
1748,2,1450,-524596.282654671
1749,2,1452,-524596.282654671
1750,2,1454,-524596.282654671
1751,2,1456,-524596.282654671
1752,2,1458,-524596.282654671
1753,2,1460,-524596.282654671
1754,2,1462,-524596.282654671
1755,2,1464,-524596.282654671
1756,2,1466,-524596.282654671
1757,2,1468,-524596.282654671
1758,2,1470,-524596.282654671
1759,2,1472,-524596.282654671
1760,2,1474,-524596.282654671
1761,2,1476,-524596.282654671
1762,2,1478,-524596.282654671
1763,2,1480,-524596.282654671
1764,2,1482,-524596.282654671
1765,2,1484,-524596.282654671
1766,2,1486,-524596.282654671
1767,2,1488,-524596.282654671
1768,2,1490,-524596.282654671
1769,2,1492,-524596.282654671
1770,2,1494,-524596.282654671
1771,2,1496,-524596.282654671
1772,2,1498,-524596.282654671
1773,2,1500,-524596.282654671
1774,2,1502,-524596.282654671
1775,2,1504,-524596.282654671
1776,2,1506,-524596.282654671
1777,2,1508,-524596.282654671
1778,2,1510,-524596.282654671
1779,2,1512,-524596.282654671
1780,2,1514,-524596.282654671
1781,2,1516,-524596.282654671
1782,2,1518,-524596.282654671
1783,2,1520,-524596.282654671
1784,2,1522,-524596.282654671
1785,2,1524,-524596.282654671
1786,2,1526,-524596.282654671
1787,2,1528,-524596.282654671
1788,2,1530,-524596.282654671
1789,2,1532,-524596.282654671
1790,2,1534,-524596.282654671
1791,2,1536,-524596.282654671
1792,2,1538,-524596.282654671
1793,2,1540,-524596.282654671
1794,2,1542,-524596.282654671
1795,2,1544,-524596.282654671
1796,2,1546,-524596.282654671
1797,2,1548,-524596.282654671
1798,2,1550,-524596.282654671
1799,2,1552,-524596.282654671
1800,2,1554,-524596.282654671
1801,2,1556,-524596.282654671
1802,2,1558,-524596.282654671
1803,2,1560,-524596.282654671
1804,2,1562,-524596.282654671
1805,2,1564,-524596.282654671
1806,2,1566,-524596.282654671
1807,2,1568,-524596.282654671
1808,2,1570,-524596.282654671
1809,2,1572,-524596.282654671
1810,2,1574,-524596.282654671
1811,2,1576,-524596.282654671
1812,2,1578,-524596.282654671
1813,2,1580,-524596.282654671
1814,2,1582,-524596.282654671
1815,2,1584,-524596.282654671
1816,2,1586,-524596.282654671
1817,2,1588,-524596.282654671
1818,2,1590,-524596.282654671
1819,2,1592,-524596.282654671
1820,2,1594,-524596.282654671
1821,2,1596,-524596.282654671
1822,2,1598,-524596.282654671
1823,2,1600,-524596.282654671
1824,2,1602,-524596.282654671
1825,2,1604,-524596.282654671
1826,2,1606,-524596.282654671
1827,2,1608,-524596.282654671
1828,2,1610,-524596.282654671
1829,2,1612,-524596.282654671
1830,2,1614,-524596.282654671
1831,2,1616,-524596.282654671
1832,2,1618,-524596.282654671
1833,2,1620,-524596.282654671
1834,2,1622,-524596.282654671
1835,2,1624,-524596.282654671
1836,2,1626,-524596.282654671
1837,2,1628,-524596.282654671
1838,2,1630,-524596.282654671
1839,2,1632,-524596.282654671
1840,2,1634,-524596.282654671
1841,2,1636,-524596.282654671
1842,2,1638,-524596.282654671
1843,2,1640,-524596.282654671
1844,2,1642,-524596.282654671
1845,2,1644,-524596.282654671
1846,2,1646,-524596.282654671
1847,2,1648,-524596.282654671
1848,2,1650,-524596.282654671
1849,2,1652,-524596.282654671
1850,2,1654,-524596.282654671
1851,2,1656,-524596.282654671
1852,2,1658,-524596.282654671
1853,2,1660,-524596.282654671
1854,2,1662,-524596.282654671
1855,2,1664,-524596.282654671
1856,2,1666,-524596.282654671
1857,2,1668,-524596.282654671
1858,2,1670,-524596.282654671
1859,2,1672,-524596.282654671
1860,2,1674,-524596.282654671
1861,2,1676,-524596.282654671
1862,2,1678,-524596.282654671
1863,2,1680,-524596.282654671
1864,2,1682,-524596.282654671
1865,2,1684,-524596.282654671
1866,2,1686,-524596.282654671
1867,2,1688,-524596.282654671
1868,2,1690,-524596.282654671
1869,2,1692,-524596.282654671
1870,2,1694,-524596.282654671
1871,2,1696,-524596.282654671
1872,2,1698,-524596.282654671
1873,2,1700,-524596.282654671
1874,2,1702,-524596.282654671
1875,2,1704,-524596.282654671
1876,2,1706,-524596.282654671
1877,2,1708,-524596.282654671
1878,2,1710,-524596.282654671
1879,2,1712,-524596.282654671
1880,2,1714,-524596.282654671
1881,2,1716,-524596.282654671
1882,2,1718,-524596.282654671
1883,2,1720,-524596.282654671
1884,2,1722,-524596.282654671
1885,2,1724,-524596.282654671
1886,2,1726,-524596.282654671
1887,2,1728,-524596.282654671
1888,2,1730,-524596.282654671
1889,2,1732,-524596.282654671
1890,2,1734,-524596.282654671
1891,2,1736,-524596.282654671
1892,2,1738,-524596.282654671
1893,2,1740,-524596.282654671
1894,2,1742,-524596.282654671
1895,2,1744,-524596.282654671
1896,2,1746,-524596.282654671
1897,2,1748,-524596.282654671
1898,2,1750,-524596.282654671
1899,2,1752,-524596.282654671
1900,2,1754,-524596.282654671
1901,2,1756,-524596.282654671
1902,2,1758,-524596.282654671
1903,2,1760,-524596.282654671
1904,2,1762,-524596.282654671
1905,2,1764,-524596.282654671
1906,2,1766,-524596.282654671
1907,2,1768,-524596.282654671
1908,2,1770,-524596.282654671
1909,2,1772,-524596.282654671
1910,2,1774,-524596.282654671
1911,2,1776,-524596.282654671
1912,2,1778,-524596.282654671
1913,2,1780,-524596.282654671
1914,2,1782,-524596.282654671
1915,2,1784,-524596.282654671
1916,2,1786,-524596.282654671
1917,2,1788,-524596.282654671
1918,2,1790,-524596.282654671
1919,2,1792,-524596.282654671
1920,2,1794,-524596.282654671
1921,2,1796,-524596.282654671
1922,2,1798,-524596.282654671
1923,2,1800,-524596.282654671
1924,2,1802,-524596.282654671
1925,2,1804,-524596.282654671
1926,2,1806,-524596.282654671
1927,2,1808,-524596.282654671
1928,2,1810,-524596.282654671
1929,2,1812,-524596.282654671
1930,2,1814,-524596.282654671
1931,2,1816,-524596.282654671
1932,2,1818,-524596.282654671
1933,2,1820,-524596.282654671
1934,2,1822,-524596.282654671
1935,2,1824,-524596.282654671
1936,2,1826,-524596.282654671
1937,2,1828,-524596.282654671
1938,2,1830,-524596.282654671
1939,2,1832,-524596.282654671
1940,2,1834,-524596.282654671
1941,2,1836,-524596.282654671
1942,2,1838,-524596.282654671
1943,2,1840,-524596.282654671
1944,2,1842,-524596.282654671
1945,2,1844,-524596.282654671
1946,2,1846,-524596.282654671
1947,2,1848,-524596.282654671
1948,2,1850,-524596.282654671
1949,2,1852,-524596.282654671
1950,2,1854,-524596.282654671
1951,2,1856,-524596.282654671
1952,2,1858,-524596.282654671
1953,2,1860,-524596.282654671
1954,2,1862,-524596.282654671
1955,2,1864,-524596.282654671
1956,2,1866,-524596.282654671
1957,2,1868,-524596.282654671
1958,2,1870,-524596.282654671
1959,2,1872,-524596.282654671
1960,2,1874,-524596.282654671
1961,2,1876,-524596.282654671
1962,2,1878,-524596.282654671
1963,2,1880,-524596.282654671
1964,2,1882,-524596.282654671
1965,2,1884,-524596.282654671
1966,2,1886,-524596.282654671
1967,2,1888,-524596.282654671
1968,2,1890,-524596.282654671
1969,2,1892,-524596.282654671
1970,2,1894,-524596.282654671
1971,2,1896,-524596.282654671
1972,2,1898,-524596.282654671
1973,2,1900,-524596.282654671
1974,2,1902,-524596.282654671
1975,2,1904,-524596.282654671
1976,2,1906,-524596.282654671
1977,2,1908,-524596.282654671
1978,2,1910,-524596.282654671
1979,2,1912,-524596.282654671
1980,2,1914,-524596.282654671
1981,2,1916,-524596.282654671
1982,2,1918,-524596.282654671
1983,2,1920,-524596.282654671
1984,2,1922,-524596.282654671
1985,2,1924,-524596.282654671
1986,2,1926,-524596.282654671
1987,2,1928,-524596.282654671
1988,2,1930,-524596.282654671
1989,2,1932,-524596.282654671
1990,2,1934,-524596.282654671
1991,2,1936,-524596.282654671
1992,2,1938,-524596.282654671
1993,2,1940,-524596.282654671
1994,2,1942,-524596.282654671
1995,2,1944,-524596.282654671
1996,2,1946,-524596.282654671
1997,2,1948,-524596.282654671
1998,2,1950,-524596.282654671
1999,2,1952,-524596.282654671
2000,2,1954,-524596.282654671
2001,2,1956,-524596.282654671
2002,2,1958,-524596.282654671
2003,2,1960,-524596.282654671
2004,2,1962,-524596.282654671
2005,2,1964,-524596.282654671
2006,2,1966,-524596.282654671
2007,2,1968,-524596.282654671
2008,2,1970,-524596.282654671
2009,2,1972,-524596.282654671
2010,2,1974,-524596.282654671
2011,2,1976,-524596.282654671
2012,2,1978,-524596.282654671
2013,2,1980,-524596.282654671
2014,2,1982,-524596.282654671
2015,2,1984,-524596.282654671
2016,2,1986,-524596.282654671
2017,2,1988,-524596.282654671
2018,2,1990,-524596.282654671
2019,2,1992,-524596.282654671
2020,2,1994,-524596.282654671
2021,2,1996,-524596.282654671
2022,2,1998,-524596.282654671
2023,2,2000,-524596.282654671
2024,2,2002,-524596.282654671
2025,2,2004,-524596.282654671
2026,2,2006,-524596.282654671
2027,2,2008,-524596.282654671
2028,2,2010,-524596.282654671
2029,2,2012,-524596.282654671
2030,2,2014,-524596.282654671
2031,2,2016,-524596.282654671
2032,2,2018,-524596.282654671
2033,2,2020,-524596.282654671
2034,2,2022,-524596.282654671
2035,2,2024,-524596.282654671
2036,2,2026,-524596.282654671
2037,2,2028,-524596.282654671
2038,2,2030,-524596.282654671
2039,2,2032,-524596.282654671
2040,2,2034,-524596.282654671
2041,2,2036,-524596.282654671
2042,2,2038,-524596.282654671
2043,2,2040,-524596.282654671
2044,2,2042,-524596.282654671
2045,2,2044,-524596.282654671
2046,2,2046,-524596.282654671
2047,2,2048,-524596.282654671
