,num_iterations,updates,energy
0,1,1,-1160.2088899697542
1,1,2,-1160.2088899697542
2,1,3,-1160.2088899697542
3,1,4,-1160.2088899697542
4,1,5,-1290.493323864382
5,1,6,-1290.493323864382
6,1,7,-1407.8584232535477
7,1,8,-1407.8584232535477
8,1,9,-1468.0418115106565
9,1,10,-1560.6369358996944
10,1,11,-1560.6369358996944
11,1,12,-1665.697372593924
12,1,13,-1665.697372593924
13,1,14,-1815.7266855086093
14,1,15,-1884.619397349835
15,1,16,-1981.320706521628
16,1,17,-2141.913468230672
17,1,18,-2263.652151087988
18,1,19,-2411.535354312583
19,1,20,-2587.0150355185506
20,1,21,-2732.5671794604013
21,1,22,-2732.5671794604013
22,1,23,-2872.5623265410477
23,1,24,-2872.5623265410477
24,1,25,-2872.5623265410477
25,1,26,-2872.5623265410477
26,1,27,-2872.5623265410477
27,1,28,-3040.927059042411
28,1,29,-3040.927059042411
29,1,30,-3040.927059042411
30,1,31,-3040.927059042411
31,1,32,-3040.927059042411
32,1,33,-3199.5400509783185
33,1,34,-3359.800008160918
34,1,35,-3529.8749937880116
35,1,36,-3529.8749937880116
36,1,37,-3529.8749937880116
37,1,38,-3690.2677854009426
38,1,39,-3690.2677854009426
39,1,40,-3898.325349308104
40,1,41,-4081.013374119012
41,1,42,-4081.013374119012
42,1,43,-4081.013374119012
43,1,44,-4265.5028228902565
44,1,45,-4265.5028228902565
45,1,46,-4265.5028228902565
46,1,47,-4486.985578612474
47,1,48,-4678.182187949011
48,1,49,-4678.182187949011
49,1,50,-4678.182187949011
50,1,51,-4678.182187949011
51,1,52,-4678.182187949011
52,1,53,-4886.480703108636
53,1,54,-5110.566421630014
54,1,55,-5294.582147978012
55,1,56,-5507.355572924767
56,1,57,-5687.4261498136875
57,1,58,-5928.859435304934
58,1,59,-6121.401523994035
59,1,60,-6363.44619550648
60,1,61,-6599.525309833172
61,1,62,-6599.525309833172
62,1,63,-6599.525309833172
63,1,64,-6599.525309833172
64,1,65,-6599.525309833172
65,1,66,-6818.250017444847
66,1,67,-6818.250017444847
67,1,68,-6818.250017444847
68,1,69,-7022.861448729728
69,1,70,-7022.861448729728
70,1,71,-7292.349400428986
71,1,72,-7513.296409231737
72,1,73,-7757.634311142688
73,1,74,-7757.634311142688
74,1,75,-7757.634311142688
75,1,76,-7995.028028907287
76,1,77,-7995.028028907287
77,1,78,-8236.251550506015
78,1,79,-8236.251550506015
79,1,80,-8236.251550506015
80,1,81,-8468.152669660416
81,1,82,-8468.152669660416
82,1,83,-8725.575720677527
83,1,84,-9015.324346000743
84,1,85,-9218.32956128805
85,1,86,-9218.32956128805
86,1,87,-9218.32956128805
87,1,88,-9218.32956128805
88,1,89,-9218.32956128805
89,1,90,-9464.3530109064
90,1,91,-9692.711302032245
91,1,92,-9969.230692419134
92,1,93,-9969.230692419134
93,1,94,-9969.230692419134
94,1,95,-10224.739046969742
95,1,96,-10521.32443475388
96,1,97,-10521.32443475388
97,1,98,-10785.247241600919
98,1,99,-11073.702777878192
99,1,100,-11073.702777878192
100,1,101,-11073.702777878192
101,1,102,-11073.702777878192
102,1,103,-11073.702777878192
103,1,104,-11386.195066254342
104,1,105,-11687.616445212432
105,1,106,-11980.943951622408
106,1,107,-11980.943951622408
107,1,108,-11980.943951622408
108,1,109,-11980.943951622408
109,1,110,-11980.943951622408
110,1,111,-12299.290182210032
111,1,112,-12574.925673334226
112,1,113,-12574.925673334226
113,1,114,-12891.919856305145
114,1,115,-12891.919856305145
115,1,116,-12891.919856305145
116,1,117,-12891.919856305145
117,1,118,-12891.919856305145
118,1,119,-13235.820502791514
119,1,120,-13235.820502791514
120,1,121,-13554.970539647644
121,1,122,-13554.970539647644
122,1,123,-13554.970539647644
123,1,124,-13554.970539647644
124,1,125,-13922.016347137356
125,1,126,-13922.016347137356
126,1,127,-13922.016347137356
127,1,128,-14338.305769219423
128,1,129,-14338.305769219423
129,1,130,-14700.086507169883
130,1,131,-15066.157592891037
131,1,132,-15066.157592891037
132,1,133,-15066.157592891037
133,1,134,-15395.332101400887
134,1,135,-15395.332101400887
135,1,136,-15395.332101400887
136,1,137,-15754.274279846566
137,1,138,-16098.886858998732
138,1,139,-16463.374268295836
139,1,140,-16463.374268295836
140,1,141,-16822.42799472392
141,1,142,-16822.42799472392
142,1,143,-16822.42799472392
143,1,144,-16822.42799472392
144,1,145,-17198.826565343472
145,1,146,-17198.826565343472
146,1,147,-17548.88835698473
147,1,148,-17548.88835698473
148,1,149,-17548.88835698473
149,1,150,-17968.690880477123
150,1,151,-17968.690880477123
151,1,152,-18352.66446426225
152,1,153,-18757.629210038926
153,1,154,-19146.17764485308
154,1,155,-19547.354825494105
155,1,156,-19547.354825494105
156,1,157,-19943.016750538496
157,1,158,-20328.139854773402
158,1,159,-20767.259373384863
159,1,160,-20767.259373384863
160,1,161,-21153.004482632965
161,1,162,-21153.004482632965
162,1,163,-21153.004482632965
163,1,164,-21527.779346460993
164,1,165,-21947.04340214147
165,1,166,-22344.83193363317
166,1,167,-22744.15139011837
167,1,168,-23169.17006592804
168,1,169,-23169.17006592804
169,1,170,-23169.17006592804
170,1,171,-23169.17006592804
171,1,172,-23169.17006592804
172,1,173,-23169.17006592804
173,1,174,-23169.17006592804
174,1,175,-23595.448245904307
175,1,176,-23595.448245904307
176,1,177,-24033.590099010482
177,1,178,-24471.56121912213
178,1,179,-24471.56121912213
179,1,180,-24471.56121912213
180,1,181,-24471.56121912213
181,1,182,-24471.56121912213
182,1,183,-24471.56121912213
183,1,184,-24471.56121912213
184,1,185,-24824.919428044945
185,1,186,-24824.919428044945
186,1,187,-25273.01994641395
187,1,188,-25273.01994641395
188,1,189,-25273.01994641395
189,1,190,-25273.01994641395
190,1,191,-25736.583807500534
191,1,192,-26162.725205582854
192,1,193,-26605.814268567647
193,1,194,-26605.814268567647
194,1,195,-26605.814268567647
195,1,196,-26605.814268567647
196,1,197,-26605.814268567647
197,1,198,-27057.500720248485
198,1,199,-27057.500720248485
199,1,200,-27516.24718506228
200,1,201,-27972.084657312935
201,1,202,-27972.084657312935
202,1,203,-27972.084657312935
203,1,204,-27972.084657312935
204,1,205,-27972.084657312935
205,1,206,-28438.372913311185
206,1,207,-28891.267168693274
207,1,208,-28891.267168693274
208,1,209,-29358.446129622513
209,1,210,-29358.446129622513
210,1,211,-29358.446129622513
211,1,212,-29358.446129622513
212,1,213,-29358.446129622513
213,1,214,-29806.174713026197
214,1,215,-29806.174713026197
215,1,216,-29806.174713026197
216,1,217,-29806.174713026197
217,1,218,-29806.174713026197
218,1,219,-29806.174713026197
219,1,220,-29806.174713026197
220,1,221,-30305.68869484917
221,1,222,-30800.948093980485
222,1,223,-30800.948093980485
223,1,224,-31324.81853586799
224,1,225,-31324.81853586799
225,1,226,-31324.81853586799
226,1,227,-31843.676938711906
227,1,228,-31843.676938711906
228,1,229,-31843.676938711906
229,1,230,-32362.852815879367
230,1,231,-32843.93466454194
231,1,232,-33402.82432836267
232,1,233,-33402.82432836267
233,1,234,-33878.71001265869
234,1,235,-33878.71001265869
235,1,236,-34406.141736586724
236,1,237,-34909.89350114715
237,1,238,-35380.82639728293
238,1,239,-35380.82639728293
239,1,240,-35380.82639728293
240,1,241,-35868.72196239367
241,1,242,-35868.72196239367
242,1,243,-36384.83746817474
243,1,244,-36892.35449933071
244,1,245,-36892.35449933071
245,1,246,-36892.35449933071
246,1,247,-37446.41748774242
247,1,248,-37446.41748774242
248,1,249,-38002.5152952906
249,1,250,-38557.28430422304
250,1,251,-39149.83317490306
251,1,252,-39149.83317490306
252,1,253,-39149.83317490306
253,1,254,-39742.62667785114
254,1,255,-40294.18959199535
255,1,256,-40823.899763265305
256,1,257,-41415.4762062919
257,1,258,-41977.59997545226
258,1,259,-42502.88180400456
259,1,260,-43102.71310750012
260,1,261,-43102.71310750012
261,1,262,-43645.96454947586
262,1,263,-44245.828662701344
263,1,264,-44807.74725918534
264,1,265,-45396.78769418871
265,1,266,-46020.21831766475
266,1,267,-46020.21831766475
267,1,268,-46020.21831766475
268,1,269,-46020.21831766475
269,1,270,-46632.68154914986
270,1,271,-47241.491064862006
271,1,272,-47241.491064862006
272,1,273,-47241.491064862006
273,1,274,-47241.491064862006
274,1,275,-47241.491064862006
275,1,276,-47241.491064862006
276,1,277,-47935.20847987867
277,1,278,-47935.20847987867
278,1,279,-47935.20847987867
279,1,280,-48532.403074503054
280,1,281,-48532.403074503054
281,1,282,-48532.403074503054
282,1,283,-49208.265177963985
283,1,284,-49208.265177963985
284,1,285,-49208.265177963985
285,1,286,-49208.265177963985
286,1,287,-49208.265177963985
287,1,288,-49208.265177963985
288,1,289,-49208.265177963985
289,1,290,-49208.265177963985
290,1,291,-49208.265177963985
291,1,292,-49208.265177963985
292,1,293,-49887.1944462832
293,1,294,-50503.1838267845
294,1,295,-50503.1838267845
295,1,296,-51176.660305449
296,1,297,-51842.23624961013
297,1,298,-52532.96588758708
298,1,299,-52532.96588758708
299,1,300,-53201.01750736978
300,1,301,-53891.766718620136
301,1,302,-53891.766718620136
302,1,303,-54556.30687153152
303,1,304,-55188.262487545464
304,1,305,-55908.04913658903
305,1,306,-55908.04913658903
306,1,307,-55908.04913658903
307,1,308,-55908.04913658903
308,1,309,-56560.472951773016
309,1,310,-56560.472951773016
310,1,311,-56560.472951773016
311,1,312,-57230.23983637218
312,1,313,-57915.75755424712
313,1,314,-57915.75755424712
314,1,315,-58635.503575635266
315,1,316,-58635.503575635266
316,1,317,-59372.59254745049
317,1,318,-60036.636700106756
318,1,319,-60036.636700106756
319,1,320,-60722.47883935062
320,1,321,-61408.8983773474
321,1,322,-62081.95939903875
322,1,323,-62081.95939903875
323,1,324,-62081.95939903875
324,1,325,-62081.95939903875
325,1,326,-62764.3656095387
326,1,327,-63507.00294064099
327,1,328,-64241.63835695771
328,1,329,-64928.527935936836
329,1,330,-64928.527935936836
330,1,331,-64928.527935936836
331,1,332,-64928.527935936836
332,1,333,-64928.527935936836
333,1,334,-64928.527935936836
334,1,335,-64928.527935936836
335,1,336,-64928.527935936836
336,1,337,-65650.59103540743
337,1,338,-65650.59103540743
338,1,339,-66387.70088126003
339,1,340,-66387.70088126003
340,1,341,-67121.56440281156
341,1,342,-67860.21073793275
342,1,343,-68591.77215169031
343,1,344,-69353.53032978188
344,1,345,-69353.53032978188
345,1,346,-70089.99721497814
346,1,347,-70778.23616219463
347,1,348,-70778.23616219463
348,1,349,-71527.0039018724
349,1,350,-71527.0039018724
350,1,351,-71527.0039018724
351,1,352,-72285.77623434068
352,1,353,-73011.63416670103
353,1,354,-73011.63416670103
354,1,355,-73763.2419013392
355,1,356,-73763.2419013392
356,1,357,-74546.29764320189
357,1,358,-74546.29764320189
358,1,359,-75350.0929231538
359,1,360,-75350.0929231538
360,1,361,-75350.0929231538
361,1,362,-75350.0929231538
362,1,363,-75350.0929231538
363,1,364,-76167.85299393287
364,1,365,-76167.85299393287
365,1,366,-76942.3983516529
366,1,367,-77693.99161532917
367,1,368,-78509.56015763503
368,1,369,-78509.56015763503
369,1,370,-78509.56015763503
370,1,371,-78509.56015763503
371,1,372,-78509.56015763503
372,1,373,-79331.35466190489
373,1,374,-79331.35466190489
374,1,375,-79331.35466190489
375,1,376,-79331.35466190489
376,1,377,-79331.35466190489
377,1,378,-79331.35466190489
378,1,379,-80110.53132194332
379,1,380,-80110.53132194332
380,1,381,-80963.40022330245
381,1,382,-81724.36204107576
382,1,383,-82537.6665068944
383,1,384,-83362.36486008274
384,1,385,-83362.36486008274
385,1,386,-83362.36486008274
386,1,387,-84194.10781353278
387,1,388,-84194.10781353278
388,1,389,-84194.10781353278
389,1,390,-84194.10781353278
390,1,391,-84194.10781353278
391,1,392,-84194.10781353278
392,1,393,-85032.05954327388
393,1,394,-85858.60069849124
394,1,395,-86682.77996209284
395,1,396,-87546.28667511954
396,1,397,-87546.28667511954
397,1,398,-87546.28667511954
398,1,399,-87546.28667511954
399,1,400,-87546.28667511954
400,1,401,-87546.28667511954
401,1,402,-88394.0550668835
402,1,403,-88394.0550668835
403,1,404,-89215.11159259651
404,1,405,-89215.11159259651
405,1,406,-90088.45651381387
406,1,407,-90908.09850567245
407,1,408,-90908.09850567245
408,1,409,-90908.09850567245
409,1,410,-90908.09850567245
410,1,411,-90908.09850567245
411,1,412,-91755.59996417658
412,1,413,-92651.41260071818
413,1,414,-92651.41260071818
414,1,415,-93524.62872462306
415,1,416,-94410.71087625605
416,1,417,-95307.484979324
417,1,418,-96145.79871040757
418,1,419,-97014.6658679989
419,1,420,-97892.88644108886
420,1,421,-97892.88644108886
421,1,422,-98773.89693820733
422,1,423,-98773.89693820733
423,1,424,-99659.41851353954
424,1,425,-100520.32925058174
425,1,426,-100520.32925058174
426,1,427,-101427.50791842186
427,1,428,-102358.11133649759
428,1,429,-102358.11133649759
429,1,430,-102358.11133649759
430,1,431,-103277.62274302552
431,1,432,-103277.62274302552
432,1,433,-104185.75385178177
433,1,434,-105113.6272035746
434,1,435,-106095.82437370814
435,1,436,-107018.79671998016
436,1,437,-107925.11249945709
437,1,438,-107925.11249945709
438,1,439,-108817.7432059543
439,1,440,-109767.54481989554
440,1,441,-109767.54481989554
441,1,442,-109767.54481989554
442,1,443,-110739.33146009946
443,1,444,-110739.33146009946
444,1,445,-111640.81400933073
445,1,446,-112602.63493508929
446,1,447,-112602.63493508929
447,1,448,-112602.63493508929
448,1,449,-113558.27754623731
449,1,450,-114508.28989474938
450,1,451,-115472.90741820913
451,1,452,-116470.73904869835
452,1,453,-116470.73904869835
453,1,454,-117465.25107764851
454,1,455,-118422.67326029486
455,1,456,-118422.67326029486
456,1,457,-118422.67326029486
457,1,458,-118422.67326029486
458,1,459,-119357.51820185955
459,1,460,-120320.33594514432
460,1,461,-120320.33594514432
461,1,462,-121289.30772023178
462,1,463,-122257.66720747572
463,1,464,-122257.66720747572
464,1,465,-122257.66720747572
465,1,466,-123263.30486317845
466,1,467,-123263.30486317845
467,1,468,-124270.01931407789
468,1,469,-125208.74339237568
469,1,470,-125208.74339237568
470,1,471,-125208.74339237568
471,1,472,-126264.14352732638
472,1,473,-127274.71308906957
473,1,474,-127274.71308906957
474,1,475,-128260.09370974627
475,1,476,-128260.09370974627
476,1,477,-129268.91584183561
477,1,478,-130279.76671228826
478,1,479,-131308.71523683236
479,1,480,-131308.71523683236
480,1,481,-131308.71523683236
481,1,482,-132349.90926479019
482,1,483,-132349.90926479019
483,1,484,-132349.90926479019
484,1,485,-132349.90926479019
485,1,486,-132349.90926479019
486,1,487,-133403.2427128852
487,1,488,-133403.2427128852
488,1,489,-134402.2075647557
489,1,490,-134402.2075647557
490,1,491,-135418.78589538977
491,1,492,-136471.9775962999
492,1,493,-137520.61368519152
493,1,494,-137520.61368519152
494,1,495,-138603.78549636545
495,1,496,-138603.78549636545
496,1,497,-138603.78549636545
497,1,498,-138603.78549636545
498,1,499,-138603.78549636545
499,1,500,-138603.78549636545
500,1,501,-138603.78549636545
501,1,502,-139699.81209704408
502,1,503,-140732.42279324748
503,1,504,-141789.56210229907
504,1,505,-141789.56210229907
505,1,506,-141789.56210229907
506,1,507,-141789.56210229907
507,1,508,-142857.87015501788
508,1,509,-142857.87015501788
509,1,510,-142857.87015501788
510,1,511,-142857.87015501788
511,1,512,-143928.42834083305
512,1,513,-145009.29466234965
513,1,514,-146066.0142514463
514,1,515,-147183.50054069393
515,1,516,-147183.50054069393
516,1,517,-148263.1234381518
517,1,518,-148263.1234381518
518,1,519,-148263.1234381518
519,1,520,-148263.1234381518
520,1,521,-148263.1234381518
521,1,522,-148263.1234381518
522,1,523,-148263.1234381518
523,1,524,-149370.92369243316
524,1,525,-149370.92369243316
525,1,526,-149370.92369243316
526,1,527,-150462.57621265092
527,1,528,-151584.7281474783
528,1,529,-151584.7281474783
529,1,530,-152642.54703872095
530,1,531,-153722.4458872995
531,1,532,-153722.4458872995
532,1,533,-154783.5543919745
533,1,534,-155909.5040682633
534,1,535,-157025.0755337722
535,1,536,-157025.0755337722
536,1,537,-157025.0755337722
537,1,538,-157025.0755337722
538,1,539,-158175.28745826916
539,1,540,-158175.28745826916
540,1,541,-158175.28745826916
541,1,542,-159299.9205011846
542,1,543,-159299.9205011846
543,1,544,-159299.9205011846
544,1,545,-160382.02051927574
545,1,546,-160382.02051927574
546,1,547,-160382.02051927574
547,1,548,-161515.37995545357
548,1,549,-162633.68836883153
549,1,550,-163772.3461002707
550,1,551,-163772.3461002707
551,1,552,-164867.76450597998
552,1,553,-164867.76450597998
553,1,554,-164867.76450597998
554,1,555,-166007.68169216637
555,1,556,-167152.21918026818
556,1,557,-168326.96819029405
557,1,558,-168326.96819029405
558,1,559,-169497.74678117732
559,1,560,-169497.74678117732
560,1,561,-169497.74678117732
561,1,562,-170658.03430956608
562,1,563,-170658.03430956608
563,1,564,-171813.56564861798
564,1,565,-172975.81646032532
565,1,566,-174147.11162155535
566,1,567,-174147.11162155535
567,1,568,-174147.11162155535
568,1,569,-175346.15323477297
569,1,570,-175346.15323477297
570,1,571,-175346.15323477297
571,1,572,-176518.68683630438
572,1,573,-176518.68683630438
573,1,574,-176518.68683630438
574,1,575,-176518.68683630438
575,1,576,-177708.72548461932
576,1,577,-178876.42526493577
577,1,578,-180106.94024142087
578,1,579,-180106.94024142087
579,1,580,-181296.08743991156
580,1,581,-182505.91983080306
581,1,582,-182505.91983080306
582,1,583,-183711.14446773846
583,1,584,-183711.14446773846
584,1,585,-183711.14446773846
585,1,586,-184917.81054484134
586,1,587,-184917.81054484134
587,1,588,-184917.81054484134
588,1,589,-184917.81054484134
589,1,590,-184917.81054484134
590,1,591,-184917.81054484134
591,1,592,-186150.85662605462
592,1,593,-187362.65185563595
593,1,594,-188582.6721902542
594,1,595,-188582.6721902542
595,1,596,-188582.6721902542
596,1,597,-188582.6721902542
597,1,598,-188582.6721902542
598,1,599,-189845.1831896122
599,1,600,-189845.1831896122
600,1,601,-191102.3068154017
601,1,602,-191102.3068154017
602,1,603,-191102.3068154017
603,1,604,-191102.3068154017
604,1,605,-192321.65860270837
605,1,606,-193584.72448034026
606,1,607,-194861.55431173218
607,1,608,-194861.55431173218
608,1,609,-194861.55431173218
609,1,610,-196112.53558758277
610,1,611,-196112.53558758277
611,1,612,-196112.53558758277
612,1,613,-196112.53558758277
613,1,614,-197336.5386103836
614,1,615,-197336.5386103836
615,1,616,-197336.5386103836
616,1,617,-198629.0972280095
617,1,618,-198629.0972280095
618,1,619,-199901.39296662988
619,1,620,-201118.98434658215
620,1,621,-202422.20135029516
621,1,622,-202422.20135029516
622,1,623,-202422.20135029516
623,1,624,-202422.20135029516
624,1,625,-203718.05224442622
625,1,626,-203718.05224442622
626,1,627,-203718.05224442622
627,1,628,-205006.93904429054
628,1,629,-205006.93904429054
629,1,630,-205006.93904429054
630,1,631,-205006.93904429054
631,1,632,-206306.70914703654
632,1,633,-206306.70914703654
633,1,634,-206306.70914703654
634,1,635,-206306.70914703654
635,1,636,-206306.70914703654
636,1,637,-206306.70914703654
637,1,638,-207631.41979176318
638,1,639,-208925.9332631018
639,1,640,-208925.9332631018
640,1,641,-208925.9332631018
641,1,642,-208925.9332631018
642,1,643,-208925.9332631018
643,1,644,-208925.9332631018
644,1,645,-210211.07546199564
645,1,646,-210211.07546199564
646,1,647,-211484.08965525334
647,1,648,-211484.08965525334
648,1,649,-212805.08548161504
649,1,650,-212805.08548161504
650,1,651,-214114.05806328563
651,1,652,-215413.42589981435
652,1,653,-215413.42589981435
653,1,654,-215413.42589981435
654,1,655,-216699.22474613265
655,1,656,-216699.22474613265
656,1,657,-216699.22474613265
657,1,658,-216699.22474613265
658,1,659,-218023.68493555236
659,1,660,-218023.68493555236
660,1,661,-219328.611346002
661,1,662,-220666.91718814775
662,1,663,-222034.8081566163
663,1,664,-223383.5870367675
664,1,665,-224702.39653588366
665,1,666,-224702.39653588366
666,1,667,-226053.43236695847
667,1,668,-227404.56924499496
668,1,669,-228771.22859476163
669,1,670,-230126.5120135436
670,1,671,-231493.7123488917
671,1,672,-232842.49712809606
672,1,673,-232842.49712809606
673,1,674,-232842.49712809606
674,1,675,-234244.26606929218
675,1,676,-234244.26606929218
676,1,677,-235610.49568637882
677,1,678,-237027.5185019903
678,1,679,-237027.5185019903
679,1,680,-238393.79386232438
680,1,681,-239782.91034964792
681,1,682,-239782.91034964792
682,1,683,-241150.27638944582
683,1,684,-241150.27638944582
684,1,685,-241150.27638944582
685,1,686,-241150.27638944582
686,1,687,-241150.27638944582
687,1,688,-241150.27638944582
688,1,689,-241150.27638944582
689,1,690,-242532.68748484427
690,1,691,-242532.68748484427
691,1,692,-243896.04118836916
692,1,693,-245283.43664317316
693,1,694,-245283.43664317316
694,1,695,-245283.43664317316
695,1,696,-245283.43664317316
696,1,697,-246668.1609262837
697,1,698,-246668.1609262837
698,1,699,-248089.7657994473
699,1,700,-248089.7657994473
700,1,701,-248089.7657994473
701,1,702,-248089.7657994473
702,1,703,-249509.65051807844
703,1,704,-249509.65051807844
704,1,705,-249509.65051807844
705,1,706,-249509.65051807844
706,1,707,-250896.16766947779
707,1,708,-252320.98233982082
708,1,709,-253761.9795492388
709,1,710,-255169.41319621284
710,1,711,-256645.38547091722
711,1,712,-256645.38547091722
712,1,713,-258108.7772438693
713,1,714,-258108.7772438693
714,1,715,-258108.7772438693
715,1,716,-258108.7772438693
716,1,717,-258108.7772438693
717,1,718,-258108.7772438693
718,1,719,-258108.7772438693
719,1,720,-258108.7772438693
720,1,721,-258108.7772438693
721,1,722,-259541.19294904228
722,1,723,-259541.19294904228
723,1,724,-260968.48989653873
724,1,725,-260968.48989653873
725,1,726,-260968.48989653873
726,1,727,-260968.48989653873
727,1,728,-260968.48989653873
728,1,729,-262386.6115057544
729,1,730,-262386.6115057544
730,1,731,-263807.1498503559
731,1,732,-263807.1498503559
732,1,733,-263807.1498503559
733,1,734,-265252.77355586155
734,1,735,-265252.77355586155
735,1,736,-266749.62797083665
736,1,737,-266749.62797083665
737,1,738,-268248.19207438146
738,1,739,-268248.19207438146
739,1,740,-268248.19207438146
740,1,741,-268248.19207438146
741,1,742,-269741.4465071019
742,1,743,-271217.5777337211
743,1,744,-271217.5777337211
744,1,745,-271217.5777337211
745,1,746,-272682.79154365056
746,1,747,-272682.79154365056
747,1,748,-274150.2221823125
748,1,749,-275620.4528170908
749,1,750,-277118.2835100544
750,1,751,-277118.2835100544
751,1,752,-277118.2835100544
752,1,753,-278599.8109858467
753,1,754,-278599.8109858467
754,1,755,-280099.41953118984
755,1,756,-280099.41953118984
756,1,757,-280099.41953118984
757,1,758,-280099.41953118984
758,1,759,-281568.1379034464
759,1,760,-281568.1379034464
760,1,761,-281568.1379034464
761,1,762,-283038.54994794406
762,1,763,-284542.8730202579
763,1,764,-284542.8730202579
764,1,765,-286055.73699025344
765,1,766,-286055.73699025344
766,1,767,-287553.7418221992
767,1,768,-289079.70711037796
768,1,769,-289079.70711037796
769,1,770,-290560.69712209783
770,1,771,-290560.69712209783
771,1,772,-292069.131412611
772,1,773,-293631.18107726745
773,1,774,-295149.1070464556
774,1,775,-296684.340652805
775,1,776,-298263.98562563286
776,1,777,-299776.7325861891
777,1,778,-301337.17384799954
778,1,779,-301337.17384799954
779,1,780,-301337.17384799954
780,1,781,-302931.91856676806
781,1,782,-302931.91856676806
782,1,783,-302931.91856676806
783,1,784,-304473.5741408382
784,1,785,-305986.1602822767
785,1,786,-307558.7459644118
786,1,787,-307558.7459644118
787,1,788,-307558.7459644118
788,1,789,-309171.2795863694
789,1,790,-309171.2795863694
790,1,791,-309171.2795863694
791,1,792,-309171.2795863694
792,1,793,-310739.6939253226
793,1,794,-310739.6939253226
794,1,795,-312318.37410130876
795,1,796,-312318.37410130876
796,1,797,-313901.6967148336
797,1,798,-315488.4336257129
798,1,799,-317072.31972033845
799,1,800,-318620.0612115118
800,1,801,-320208.2742934071
801,1,802,-320208.2742934071
802,1,803,-320208.2742934071
803,1,804,-321811.8264645594
804,1,805,-321811.8264645594
805,1,806,-323407.37614931946
806,1,807,-324995.0816137116
807,1,808,-324995.0816137116
808,1,809,-326609.7186937571
809,1,810,-328249.67500781914
810,1,811,-328249.67500781914
811,1,812,-329852.92910142674
812,1,813,-329852.92910142674
813,1,814,-331519.9319193122
814,1,815,-331519.9319193122
815,1,816,-331519.9319193122
816,1,817,-333157.6186845853
817,1,818,-334781.032933766
818,1,819,-336416.77404762735
819,1,820,-336416.77404762735
820,1,821,-338049.4086733151
821,1,822,-339718.31251897686
822,1,823,-341392.6958141641
823,1,824,-341392.6958141641
824,1,825,-341392.6958141641
825,1,826,-343103.66990710737
826,1,827,-344801.35406898195
827,1,828,-346454.97142346576
828,1,829,-346454.97142346576
829,1,830,-348138.34037783294
830,1,831,-348138.34037783294
831,1,832,-349791.80414773175
832,1,833,-349791.80414773175
833,1,834,-351449.70382955595
834,1,835,-351449.70382955595
835,1,836,-351449.70382955595
836,1,837,-353125.1095676501
837,1,838,-354774.24303692544
838,1,839,-354774.24303692544
839,1,840,-356476.4877957845
840,1,841,-356476.4877957845
841,1,842,-356476.4877957845
842,1,843,-356476.4877957845
843,1,844,-358185.261043757
844,1,845,-358185.261043757
845,1,846,-359882.2319446495
846,1,847,-359882.2319446495
847,1,848,-359882.2319446495
848,1,849,-359882.2319446495
849,1,850,-361578.0131424547
850,1,851,-361578.0131424547
851,1,852,-363342.9899974124
852,1,853,-365097.5695955247
853,1,854,-366813.5424150955
854,1,855,-366813.5424150955
855,1,856,-366813.5424150955
856,1,857,-368563.4230501752
857,1,858,-370309.72205415217
858,1,859,-370309.72205415217
859,1,860,-370309.72205415217
860,1,861,-370309.72205415217
861,1,862,-372027.90465332626
862,1,863,-373754.26514690614
863,1,864,-373754.26514690614
864,1,865,-373754.26514690614
865,1,866,-373754.26514690614
866,1,867,-375458.23735825944
867,1,868,-377188.96276471345
868,1,869,-377188.96276471345
869,1,870,-378926.9911841622
870,1,871,-380637.4394693788
871,1,872,-380637.4394693788
872,1,873,-380637.4394693788
873,1,874,-380637.4394693788
874,1,875,-380637.4394693788
875,1,876,-382364.6904874625
876,1,877,-384131.0108257673
877,1,878,-384131.0108257673
878,1,879,-385882.94433252607
879,1,880,-387633.24659234553
880,1,881,-387633.24659234553
881,1,882,-389389.8835087971
882,1,883,-391145.8696665438
883,1,884,-391145.8696665438
884,1,885,-392905.5359337417
885,1,886,-392905.5359337417
886,1,887,-392905.5359337417
887,1,888,-394635.94731114013
888,1,889,-396444.43915452843
889,1,890,-396444.43915452843
890,1,891,-398206.3640250475
891,1,892,-398206.3640250475
892,1,893,-400013.231857145
893,1,894,-400013.231857145
894,1,895,-401805.1617296338
895,1,896,-403624.3675737167
896,1,897,-405399.7262640882
897,1,898,-405399.7262640882
898,1,899,-407213.38949415274
899,1,900,-407213.38949415274
900,1,901,-409024.8694624697
901,1,902,-410831.0755877696
902,1,903,-410831.0755877696
903,1,904,-412667.4569149509
904,1,905,-414480.1450794586
905,1,906,-414480.1450794586
906,1,907,-414480.1450794586
907,1,908,-414480.1450794586
908,1,909,-414480.1450794586
909,1,910,-416296.8101804498
910,1,911,-416296.8101804498
911,1,912,-418070.57812245656
912,1,913,-418070.57812245656
913,1,914,-418070.57812245656
914,1,915,-419923.9503681443
915,1,916,-421751.55410350824
916,1,917,-421751.55410350824
917,1,918,-421751.55410350824
918,1,919,-423580.6413544183
919,1,920,-425448.3133807373
920,1,921,-427281.8676802445
921,1,922,-427281.8676802445
922,1,923,-429129.0411136888
923,1,924,-431008.8356799971
924,1,925,-432867.99104708
925,1,926,-432867.99104708
926,1,927,-434733.03192478995
927,1,928,-436591.9583041968
928,1,929,-438417.5211378662
929,1,930,-440321.84490331874
930,1,931,-440321.84490331874
931,1,932,-440321.84490331874
932,1,933,-442198.72924713825
933,1,934,-442198.72924713825
934,1,935,-442198.72924713825
935,1,936,-442198.72924713825
936,1,937,-442198.72924713825
937,1,938,-442198.72924713825
938,1,939,-442198.72924713825
939,1,940,-444075.33147487853
940,1,941,-444075.33147487853
941,1,942,-445966.8911440988
942,1,943,-445966.8911440988
943,1,944,-445966.8911440988
944,1,945,-445966.8911440988
945,1,946,-445966.8911440988
946,1,947,-447837.8539778333
947,1,948,-449755.768184755
948,1,949,-451646.6921958269
949,1,950,-453542.967270382
950,1,951,-455450.6143152496
951,1,952,-457304.01401857723
952,1,953,-457304.01401857723
953,1,954,-459184.29860129487
954,1,955,-461059.65400192194
955,1,956,-461059.65400192194
956,1,957,-461059.65400192194
957,1,958,-462996.4329637091
958,1,959,-464872.7278909503
959,1,960,-466783.9858261927
960,1,961,-466783.9858261927
961,1,962,-468764.0478796135
962,1,963,-468764.0478796135
963,1,964,-470680.4083235996
964,1,965,-472632.574671281
965,1,966,-474568.4512223805
966,1,967,-476570.93131926854
967,1,968,-476570.93131926854
968,1,969,-478519.68677218206
969,1,970,-478519.68677218206
970,1,971,-478519.68677218206
971,1,972,-478519.68677218206
972,1,973,-478519.68677218206
973,1,974,-478519.68677218206
974,1,975,-480526.27063932165
975,1,976,-480526.27063932165
976,1,977,-482524.89069239056
977,1,978,-484487.23194583063
978,1,979,-484487.23194583063
979,1,980,-484487.23194583063
980,1,981,-486489.76721169485
981,1,982,-486489.76721169485
982,1,983,-486489.76721169485
983,1,984,-486489.76721169485
984,1,985,-488437.0098297635
985,1,986,-490419.5946381324
986,1,987,-490419.5946381324
987,1,988,-490419.5946381324
988,1,989,-492388.54244876956
989,1,990,-492388.54244876956
990,1,991,-494380.6917522764
991,1,992,-494380.6917522764
992,1,993,-496331.68393066083
993,1,994,-496331.68393066083
994,1,995,-498282.7796620296
995,1,996,-498282.7796620296
996,1,997,-500282.5219834823
997,1,998,-500282.5219834823
998,1,999,-500282.5219834823
999,1,1000,-502292.6090249499
1000,1,1001,-504296.51723284705
1001,1,1002,-504296.51723284705
1002,1,1003,-506326.06183773826
1003,1,1004,-508322.6701626507
1004,1,1005,-510322.3988847871
1005,1,1006,-512364.8332271095
1006,1,1007,-514408.84749559057
1007,1,1008,-514408.84749559057
1008,1,1009,-514408.84749559057
1009,1,1010,-514408.84749559057
1010,1,1011,-514408.84749559057
1011,1,1012,-516433.03235063475
1012,1,1013,-516433.03235063475
1013,1,1014,-516433.03235063475
1014,1,1015,-518457.0494474913
1015,1,1016,-518457.0494474913
1016,1,1017,-518457.0494474913
1017,1,1018,-518457.0494474913
1018,1,1019,-520498.47096700006
1019,1,1020,-520498.47096700006
1020,1,1021,-520498.47096700006
1021,1,1022,-522543.9467950901
1022,1,1023,-522543.9467950901
1023,1,1024,-524596.282654671
1024,2,2,-524596.282654671
1025,2,4,-524596.282654671
1026,2,6,-524596.282654671
1027,2,8,-524596.282654671
1028,2,10,-524596.282654671
1029,2,12,-524596.282654671
1030,2,14,-524596.282654671
1031,2,16,-524596.282654671
1032,2,18,-524596.282654671
1033,2,20,-524596.282654671
1034,2,22,-524596.282654671
1035,2,24,-524596.282654671
1036,2,26,-524596.282654671
1037,2,28,-524596.282654671
1038,2,30,-524596.282654671
1039,2,32,-524596.282654671
1040,2,34,-524596.282654671
1041,2,36,-524596.282654671
1042,2,38,-524596.282654671
1043,2,40,-524596.282654671
1044,2,42,-524596.282654671
1045,2,44,-524596.282654671
1046,2,46,-524596.282654671
1047,2,48,-524596.282654671
1048,2,50,-524596.282654671
1049,2,52,-524596.282654671
1050,2,54,-524596.282654671
1051,2,56,-524596.282654671
1052,2,58,-524596.282654671
1053,2,60,-524596.282654671
1054,2,62,-524596.282654671
1055,2,64,-524596.282654671
1056,2,66,-524596.282654671
1057,2,68,-524596.282654671
1058,2,70,-524596.282654671
1059,2,72,-524596.282654671
1060,2,74,-524596.282654671
1061,2,76,-524596.282654671
1062,2,78,-524596.282654671
1063,2,80,-524596.282654671
1064,2,82,-524596.282654671
1065,2,84,-524596.282654671
1066,2,86,-524596.282654671
1067,2,88,-524596.282654671
1068,2,90,-524596.282654671
1069,2,92,-524596.282654671
1070,2,94,-524596.282654671
1071,2,96,-524596.282654671
1072,2,98,-524596.282654671
1073,2,100,-524596.282654671
1074,2,102,-524596.282654671
1075,2,104,-524596.282654671
1076,2,106,-524596.282654671
1077,2,108,-524596.282654671
1078,2,110,-524596.282654671
1079,2,112,-524596.282654671
1080,2,114,-524596.282654671
1081,2,116,-524596.282654671
1082,2,118,-524596.282654671
1083,2,120,-524596.282654671
1084,2,122,-524596.282654671
1085,2,124,-524596.282654671
1086,2,126,-524596.282654671
1087,2,128,-524596.282654671
1088,2,130,-524596.282654671
1089,2,132,-524596.282654671
1090,2,134,-524596.282654671
1091,2,136,-524596.282654671
1092,2,138,-524596.282654671
1093,2,140,-524596.282654671
1094,2,142,-524596.282654671
1095,2,144,-524596.282654671
1096,2,146,-524596.282654671
1097,2,148,-524596.282654671
1098,2,150,-524596.282654671
1099,2,152,-524596.282654671
1100,2,154,-524596.282654671
1101,2,156,-524596.282654671
1102,2,158,-524596.282654671
1103,2,160,-524596.282654671
1104,2,162,-524596.282654671
1105,2,164,-524596.282654671
1106,2,166,-524596.282654671
1107,2,168,-524596.282654671
1108,2,170,-524596.282654671
1109,2,172,-524596.282654671
1110,2,174,-524596.282654671
1111,2,176,-524596.282654671
1112,2,178,-524596.282654671
1113,2,180,-524596.282654671
1114,2,182,-524596.282654671
1115,2,184,-524596.282654671
1116,2,186,-524596.282654671
1117,2,188,-524596.282654671
1118,2,190,-524596.282654671
1119,2,192,-524596.282654671
1120,2,194,-524596.282654671
1121,2,196,-524596.282654671
1122,2,198,-524596.282654671
1123,2,200,-524596.282654671
1124,2,202,-524596.282654671
1125,2,204,-524596.282654671
1126,2,206,-524596.282654671
1127,2,208,-524596.282654671
1128,2,210,-524596.282654671
1129,2,212,-524596.282654671
1130,2,214,-524596.282654671
1131,2,216,-524596.282654671
1132,2,218,-524596.282654671
1133,2,220,-524596.282654671
1134,2,222,-524596.282654671
1135,2,224,-524596.282654671
1136,2,226,-524596.282654671
1137,2,228,-524596.282654671
1138,2,230,-524596.282654671
1139,2,232,-524596.282654671
1140,2,234,-524596.282654671
1141,2,236,-524596.282654671
1142,2,238,-524596.282654671
1143,2,240,-524596.282654671
1144,2,242,-524596.282654671
1145,2,244,-524596.282654671
1146,2,246,-524596.282654671
1147,2,248,-524596.282654671
1148,2,250,-524596.282654671
1149,2,252,-524596.282654671
1150,2,254,-524596.282654671
1151,2,256,-524596.282654671
1152,2,258,-524596.282654671
1153,2,260,-524596.282654671
1154,2,262,-524596.282654671
1155,2,264,-524596.282654671
1156,2,266,-524596.282654671
1157,2,268,-524596.282654671
1158,2,270,-524596.282654671
1159,2,272,-524596.282654671
1160,2,274,-524596.282654671
1161,2,276,-524596.282654671
1162,2,278,-524596.282654671
1163,2,280,-524596.282654671
1164,2,282,-524596.282654671
1165,2,284,-524596.282654671
1166,2,286,-524596.282654671
1167,2,288,-524596.282654671
1168,2,290,-524596.282654671
1169,2,292,-524596.282654671
1170,2,294,-524596.282654671
1171,2,296,-524596.282654671
1172,2,298,-524596.282654671
1173,2,300,-524596.282654671
1174,2,302,-524596.282654671
1175,2,304,-524596.282654671
1176,2,306,-524596.282654671
1177,2,308,-524596.282654671
1178,2,310,-524596.282654671
1179,2,312,-524596.282654671
1180,2,314,-524596.282654671
1181,2,316,-524596.282654671
1182,2,318,-524596.282654671
1183,2,320,-524596.282654671
1184,2,322,-524596.282654671
1185,2,324,-524596.282654671
1186,2,326,-524596.282654671
1187,2,328,-524596.282654671
1188,2,330,-524596.282654671
1189,2,332,-524596.282654671
1190,2,334,-524596.282654671
1191,2,336,-524596.282654671
1192,2,338,-524596.282654671
1193,2,340,-524596.282654671
1194,2,342,-524596.282654671
1195,2,344,-524596.282654671
1196,2,346,-524596.282654671
1197,2,348,-524596.282654671
1198,2,350,-524596.282654671
1199,2,352,-524596.282654671
1200,2,354,-524596.282654671
1201,2,356,-524596.282654671
1202,2,358,-524596.282654671
1203,2,360,-524596.282654671
1204,2,362,-524596.282654671
1205,2,364,-524596.282654671
1206,2,366,-524596.282654671
1207,2,368,-524596.282654671
1208,2,370,-524596.282654671
1209,2,372,-524596.282654671
1210,2,374,-524596.282654671
1211,2,376,-524596.282654671
1212,2,378,-524596.282654671
1213,2,380,-524596.282654671
1214,2,382,-524596.282654671
1215,2,384,-524596.282654671
1216,2,386,-524596.282654671
1217,2,388,-524596.282654671
1218,2,390,-524596.282654671
1219,2,392,-524596.282654671
1220,2,394,-524596.282654671
1221,2,396,-524596.282654671
1222,2,398,-524596.282654671
1223,2,400,-524596.282654671
1224,2,402,-524596.282654671
1225,2,404,-524596.282654671
1226,2,406,-524596.282654671
1227,2,408,-524596.282654671
1228,2,410,-524596.282654671
1229,2,412,-524596.282654671
1230,2,414,-524596.282654671
1231,2,416,-524596.282654671
1232,2,418,-524596.282654671
1233,2,420,-524596.282654671
1234,2,422,-524596.282654671
1235,2,424,-524596.282654671
1236,2,426,-524596.282654671
1237,2,428,-524596.282654671
1238,2,430,-524596.282654671
1239,2,432,-524596.282654671
1240,2,434,-524596.282654671
1241,2,436,-524596.282654671
1242,2,438,-524596.282654671
1243,2,440,-524596.282654671
1244,2,442,-524596.282654671
1245,2,444,-524596.282654671
1246,2,446,-524596.282654671
1247,2,448,-524596.282654671
1248,2,450,-524596.282654671
1249,2,452,-524596.282654671
1250,2,454,-524596.282654671
1251,2,456,-524596.282654671
1252,2,458,-524596.282654671
1253,2,460,-524596.282654671
1254,2,462,-524596.282654671
1255,2,464,-524596.282654671
1256,2,466,-524596.282654671
1257,2,468,-524596.282654671
1258,2,470,-524596.282654671
1259,2,472,-524596.282654671
1260,2,474,-524596.282654671
1261,2,476,-524596.282654671
1262,2,478,-524596.282654671
1263,2,480,-524596.282654671
1264,2,482,-524596.282654671
1265,2,484,-524596.282654671
1266,2,486,-524596.282654671
1267,2,488,-524596.282654671
1268,2,490,-524596.282654671
1269,2,492,-524596.282654671
1270,2,494,-524596.282654671
1271,2,496,-524596.282654671
1272,2,498,-524596.282654671
1273,2,500,-524596.282654671
1274,2,502,-524596.282654671
1275,2,504,-524596.282654671
1276,2,506,-524596.282654671
1277,2,508,-524596.282654671
1278,2,510,-524596.282654671
1279,2,512,-524596.282654671
1280,2,514,-524596.282654671
1281,2,516,-524596.282654671
1282,2,518,-524596.282654671
1283,2,520,-524596.282654671
1284,2,522,-524596.282654671
1285,2,524,-524596.282654671
1286,2,526,-524596.282654671
1287,2,528,-524596.282654671
1288,2,530,-524596.282654671
1289,2,532,-524596.282654671
1290,2,534,-524596.282654671
1291,2,536,-524596.282654671
1292,2,538,-524596.282654671
1293,2,540,-524596.282654671
1294,2,542,-524596.282654671
1295,2,544,-524596.282654671
1296,2,546,-524596.282654671
1297,2,548,-524596.282654671
1298,2,550,-524596.282654671
1299,2,552,-524596.282654671
1300,2,554,-524596.282654671
1301,2,556,-524596.282654671
1302,2,558,-524596.282654671
1303,2,560,-524596.282654671
1304,2,562,-524596.282654671
1305,2,564,-524596.282654671
1306,2,566,-524596.282654671
1307,2,568,-524596.282654671
1308,2,570,-524596.282654671
1309,2,572,-524596.282654671
1310,2,574,-524596.282654671
1311,2,576,-524596.282654671
1312,2,578,-524596.282654671
1313,2,580,-524596.282654671
1314,2,582,-524596.282654671
1315,2,584,-524596.282654671
1316,2,586,-524596.282654671
1317,2,588,-524596.282654671
1318,2,590,-524596.282654671
1319,2,592,-524596.282654671
1320,2,594,-524596.282654671
1321,2,596,-524596.282654671
1322,2,598,-524596.282654671
1323,2,600,-524596.282654671
1324,2,602,-524596.282654671
1325,2,604,-524596.282654671
1326,2,606,-524596.282654671
1327,2,608,-524596.282654671
1328,2,610,-524596.282654671
1329,2,612,-524596.282654671
1330,2,614,-524596.282654671
1331,2,616,-524596.282654671
1332,2,618,-524596.282654671
1333,2,620,-524596.282654671
1334,2,622,-524596.282654671
1335,2,624,-524596.282654671
1336,2,626,-524596.282654671
1337,2,628,-524596.282654671
1338,2,630,-524596.282654671
1339,2,632,-524596.282654671
1340,2,634,-524596.282654671
1341,2,636,-524596.282654671
1342,2,638,-524596.282654671
1343,2,640,-524596.282654671
1344,2,642,-524596.282654671
1345,2,644,-524596.282654671
1346,2,646,-524596.282654671
1347,2,648,-524596.282654671
1348,2,650,-524596.282654671
1349,2,652,-524596.282654671
1350,2,654,-524596.282654671
1351,2,656,-524596.282654671
1352,2,658,-524596.282654671
1353,2,660,-524596.282654671
1354,2,662,-524596.282654671
1355,2,664,-524596.282654671
1356,2,666,-524596.282654671
1357,2,668,-524596.282654671
1358,2,670,-524596.282654671
1359,2,672,-524596.282654671
1360,2,674,-524596.282654671
1361,2,676,-524596.282654671
1362,2,678,-524596.282654671
1363,2,680,-524596.282654671
1364,2,682,-524596.282654671
1365,2,684,-524596.282654671
1366,2,686,-524596.282654671
1367,2,688,-524596.282654671
1368,2,690,-524596.282654671
1369,2,692,-524596.282654671
1370,2,694,-524596.282654671
1371,2,696,-524596.282654671
1372,2,698,-524596.282654671
1373,2,700,-524596.282654671
1374,2,702,-524596.282654671
1375,2,704,-524596.282654671
1376,2,706,-524596.282654671
1377,2,708,-524596.282654671
1378,2,710,-524596.282654671
1379,2,712,-524596.282654671
1380,2,714,-524596.282654671
1381,2,716,-524596.282654671
1382,2,718,-524596.282654671
1383,2,720,-524596.282654671
1384,2,722,-524596.282654671
1385,2,724,-524596.282654671
1386,2,726,-524596.282654671
1387,2,728,-524596.282654671
1388,2,730,-524596.282654671
1389,2,732,-524596.282654671
1390,2,734,-524596.282654671
1391,2,736,-524596.282654671
1392,2,738,-524596.282654671
1393,2,740,-524596.282654671
1394,2,742,-524596.282654671
1395,2,744,-524596.282654671
1396,2,746,-524596.282654671
1397,2,748,-524596.282654671
1398,2,750,-524596.282654671
1399,2,752,-524596.282654671
1400,2,754,-524596.282654671
1401,2,756,-524596.282654671
1402,2,758,-524596.282654671
1403,2,760,-524596.282654671
1404,2,762,-524596.282654671
1405,2,764,-524596.282654671
1406,2,766,-524596.282654671
1407,2,768,-524596.282654671
1408,2,770,-524596.282654671
1409,2,772,-524596.282654671
1410,2,774,-524596.282654671
1411,2,776,-524596.282654671
1412,2,778,-524596.282654671
1413,2,780,-524596.282654671
1414,2,782,-524596.282654671
1415,2,784,-524596.282654671
1416,2,786,-524596.282654671
1417,2,788,-524596.282654671
1418,2,790,-524596.282654671
1419,2,792,-524596.282654671
1420,2,794,-524596.282654671
1421,2,796,-524596.282654671
1422,2,798,-524596.282654671
1423,2,800,-524596.282654671
1424,2,802,-524596.282654671
1425,2,804,-524596.282654671
1426,2,806,-524596.282654671
1427,2,808,-524596.282654671
1428,2,810,-524596.282654671
1429,2,812,-524596.282654671
1430,2,814,-524596.282654671
1431,2,816,-524596.282654671
1432,2,818,-524596.282654671
1433,2,820,-524596.282654671
1434,2,822,-524596.282654671
1435,2,824,-524596.282654671
1436,2,826,-524596.282654671
1437,2,828,-524596.282654671
1438,2,830,-524596.282654671
1439,2,832,-524596.282654671
1440,2,834,-524596.282654671
1441,2,836,-524596.282654671
1442,2,838,-524596.282654671
1443,2,840,-524596.282654671
1444,2,842,-524596.282654671
1445,2,844,-524596.282654671
1446,2,846,-524596.282654671
1447,2,848,-524596.282654671
1448,2,850,-524596.282654671
1449,2,852,-524596.282654671
1450,2,854,-524596.282654671
1451,2,856,-524596.282654671
1452,2,858,-524596.282654671
1453,2,860,-524596.282654671
1454,2,862,-524596.282654671
1455,2,864,-524596.282654671
1456,2,866,-524596.282654671
1457,2,868,-524596.282654671
1458,2,870,-524596.282654671
1459,2,872,-524596.282654671
1460,2,874,-524596.282654671
1461,2,876,-524596.282654671
1462,2,878,-524596.282654671
1463,2,880,-524596.282654671
1464,2,882,-524596.282654671
1465,2,884,-524596.282654671
1466,2,886,-524596.282654671
1467,2,888,-524596.282654671
1468,2,890,-524596.282654671
1469,2,892,-524596.282654671
1470,2,894,-524596.282654671
1471,2,896,-524596.282654671
1472,2,898,-524596.282654671
1473,2,900,-524596.282654671
1474,2,902,-524596.282654671
1475,2,904,-524596.282654671
1476,2,906,-524596.282654671
1477,2,908,-524596.282654671
1478,2,910,-524596.282654671
1479,2,912,-524596.282654671
1480,2,914,-524596.282654671
1481,2,916,-524596.282654671
1482,2,918,-524596.282654671
1483,2,920,-524596.282654671
1484,2,922,-524596.282654671
1485,2,924,-524596.282654671
1486,2,926,-524596.282654671
1487,2,928,-524596.282654671
1488,2,930,-524596.282654671
1489,2,932,-524596.282654671
1490,2,934,-524596.282654671
1491,2,936,-524596.282654671
1492,2,938,-524596.282654671
1493,2,940,-524596.282654671
1494,2,942,-524596.282654671
1495,2,944,-524596.282654671
1496,2,946,-524596.282654671
1497,2,948,-524596.282654671
1498,2,950,-524596.282654671
1499,2,952,-524596.282654671
1500,2,954,-524596.282654671
1501,2,956,-524596.282654671
1502,2,958,-524596.282654671
1503,2,960,-524596.282654671
1504,2,962,-524596.282654671
1505,2,964,-524596.282654671
1506,2,966,-524596.282654671
1507,2,968,-524596.282654671
1508,2,970,-524596.282654671
1509,2,972,-524596.282654671
1510,2,974,-524596.282654671
1511,2,976,-524596.282654671
1512,2,978,-524596.282654671
1513,2,980,-524596.282654671
1514,2,982,-524596.282654671
1515,2,984,-524596.282654671
1516,2,986,-524596.282654671
1517,2,988,-524596.282654671
1518,2,990,-524596.282654671
1519,2,992,-524596.282654671
1520,2,994,-524596.282654671
1521,2,996,-524596.282654671
1522,2,998,-524596.282654671
1523,2,1000,-524596.282654671
1524,2,1002,-524596.282654671
1525,2,1004,-524596.282654671
1526,2,1006,-524596.282654671
1527,2,1008,-524596.282654671
1528,2,1010,-524596.282654671
1529,2,1012,-524596.282654671
1530,2,1014,-524596.282654671
1531,2,1016,-524596.282654671
1532,2,1018,-524596.282654671
1533,2,1020,-524596.282654671
1534,2,1022,-524596.282654671
1535,2,1024,-524596.282654671
1536,2,1026,-524596.282654671
1537,2,1028,-524596.282654671
1538,2,1030,-524596.282654671
1539,2,1032,-524596.282654671
1540,2,1034,-524596.282654671
1541,2,1036,-524596.282654671
1542,2,1038,-524596.282654671
1543,2,1040,-524596.282654671
1544,2,1042,-524596.282654671
1545,2,1044,-524596.282654671
1546,2,1046,-524596.282654671
1547,2,1048,-524596.282654671
1548,2,1050,-524596.282654671
1549,2,1052,-524596.282654671
1550,2,1054,-524596.282654671
1551,2,1056,-524596.282654671
1552,2,1058,-524596.282654671
1553,2,1060,-524596.282654671
1554,2,1062,-524596.282654671
1555,2,1064,-524596.282654671
1556,2,1066,-524596.282654671
1557,2,1068,-524596.282654671
1558,2,1070,-524596.282654671
1559,2,1072,-524596.282654671
1560,2,1074,-524596.282654671
1561,2,1076,-524596.282654671
1562,2,1078,-524596.282654671
1563,2,1080,-524596.282654671
1564,2,1082,-524596.282654671
1565,2,1084,-524596.282654671
1566,2,1086,-524596.282654671
1567,2,1088,-524596.282654671
1568,2,1090,-524596.282654671
1569,2,1092,-524596.282654671
1570,2,1094,-524596.282654671
1571,2,1096,-524596.282654671
1572,2,1098,-524596.282654671
1573,2,1100,-524596.282654671
1574,2,1102,-524596.282654671
1575,2,1104,-524596.282654671
1576,2,1106,-524596.282654671
1577,2,1108,-524596.282654671
1578,2,1110,-524596.282654671
1579,2,1112,-524596.282654671
1580,2,1114,-524596.282654671
1581,2,1116,-524596.282654671
1582,2,1118,-524596.282654671
1583,2,1120,-524596.282654671
1584,2,1122,-524596.282654671
1585,2,1124,-524596.282654671
1586,2,1126,-524596.282654671
1587,2,1128,-524596.282654671
1588,2,1130,-524596.282654671
1589,2,1132,-524596.282654671
1590,2,1134,-524596.282654671
1591,2,1136,-524596.282654671
1592,2,1138,-524596.282654671
1593,2,1140,-524596.282654671
1594,2,1142,-524596.282654671
1595,2,1144,-524596.282654671
1596,2,1146,-524596.282654671
1597,2,1148,-524596.282654671
1598,2,1150,-524596.282654671
1599,2,1152,-524596.282654671
1600,2,1154,-524596.282654671
1601,2,1156,-524596.282654671
1602,2,1158,-524596.282654671
1603,2,1160,-524596.282654671
1604,2,1162,-524596.282654671
1605,2,1164,-524596.282654671
1606,2,1166,-524596.282654671
1607,2,1168,-524596.282654671
1608,2,1170,-524596.282654671
1609,2,1172,-524596.282654671
1610,2,1174,-524596.282654671
1611,2,1176,-524596.282654671
1612,2,1178,-524596.282654671
1613,2,1180,-524596.282654671
1614,2,1182,-524596.282654671
1615,2,1184,-524596.282654671
1616,2,1186,-524596.282654671
1617,2,1188,-524596.282654671
1618,2,1190,-524596.282654671
1619,2,1192,-524596.282654671
1620,2,1194,-524596.282654671
1621,2,1196,-524596.282654671
1622,2,1198,-524596.282654671
1623,2,1200,-524596.282654671
1624,2,1202,-524596.282654671
1625,2,1204,-524596.282654671
1626,2,1206,-524596.282654671
1627,2,1208,-524596.282654671
1628,2,1210,-524596.282654671
1629,2,1212,-524596.282654671
1630,2,1214,-524596.282654671
1631,2,1216,-524596.282654671
1632,2,1218,-524596.282654671
1633,2,1220,-524596.282654671
1634,2,1222,-524596.282654671
1635,2,1224,-524596.282654671
1636,2,1226,-524596.282654671
1637,2,1228,-524596.282654671
1638,2,1230,-524596.282654671
1639,2,1232,-524596.282654671
1640,2,1234,-524596.282654671
1641,2,1236,-524596.282654671
1642,2,1238,-524596.282654671
1643,2,1240,-524596.282654671
1644,2,1242,-524596.282654671
1645,2,1244,-524596.282654671
1646,2,1246,-524596.282654671
1647,2,1248,-524596.282654671
1648,2,1250,-524596.282654671
1649,2,1252,-524596.282654671
1650,2,1254,-524596.282654671
1651,2,1256,-524596.282654671
1652,2,1258,-524596.282654671
1653,2,1260,-524596.282654671
1654,2,1262,-524596.282654671
1655,2,1264,-524596.282654671
1656,2,1266,-524596.282654671
1657,2,1268,-524596.282654671
1658,2,1270,-524596.282654671
1659,2,1272,-524596.282654671
1660,2,1274,-524596.282654671
1661,2,1276,-524596.282654671
1662,2,1278,-524596.282654671
1663,2,1280,-524596.282654671
1664,2,1282,-524596.282654671
1665,2,1284,-524596.282654671
1666,2,1286,-524596.282654671
1667,2,1288,-524596.282654671
1668,2,1290,-524596.282654671
1669,2,1292,-524596.282654671
1670,2,1294,-524596.282654671
1671,2,1296,-524596.282654671
1672,2,1298,-524596.282654671
1673,2,1300,-524596.282654671
1674,2,1302,-524596.282654671
1675,2,1304,-524596.282654671
1676,2,1306,-524596.282654671
1677,2,1308,-524596.282654671
1678,2,1310,-524596.282654671
1679,2,1312,-524596.282654671
1680,2,1314,-524596.282654671
1681,2,1316,-524596.282654671
1682,2,1318,-524596.282654671
1683,2,1320,-524596.282654671
1684,2,1322,-524596.282654671
1685,2,1324,-524596.282654671
1686,2,1326,-524596.282654671
1687,2,1328,-524596.282654671
1688,2,1330,-524596.282654671
1689,2,1332,-524596.282654671
1690,2,1334,-524596.282654671
1691,2,1336,-524596.282654671
1692,2,1338,-524596.282654671
1693,2,1340,-524596.282654671
1694,2,1342,-524596.282654671
1695,2,1344,-524596.282654671
1696,2,1346,-524596.282654671
1697,2,1348,-524596.282654671
1698,2,1350,-524596.282654671
1699,2,1352,-524596.282654671
1700,2,1354,-524596.282654671
1701,2,1356,-524596.282654671
1702,2,1358,-524596.282654671
1703,2,1360,-524596.282654671
1704,2,1362,-524596.282654671
1705,2,1364,-524596.282654671
1706,2,1366,-524596.282654671
1707,2,1368,-524596.282654671
1708,2,1370,-524596.282654671
1709,2,1372,-524596.282654671
1710,2,1374,-524596.282654671
1711,2,1376,-524596.282654671
1712,2,1378,-524596.282654671
1713,2,1380,-524596.282654671
1714,2,1382,-524596.282654671
1715,2,1384,-524596.282654671
1716,2,1386,-524596.282654671
1717,2,1388,-524596.282654671
1718,2,1390,-524596.282654671
1719,2,1392,-524596.282654671
1720,2,1394,-524596.282654671
1721,2,1396,-524596.282654671
1722,2,1398,-524596.282654671
1723,2,1400,-524596.282654671
1724,2,1402,-524596.282654671
1725,2,1404,-524596.282654671
1726,2,1406,-524596.282654671
1727,2,1408,-524596.282654671
1728,2,1410,-524596.282654671
1729,2,1412,-524596.282654671
1730,2,1414,-524596.282654671
1731,2,1416,-524596.282654671
1732,2,1418,-524596.282654671
1733,2,1420,-524596.282654671
1734,2,1422,-524596.282654671
1735,2,1424,-524596.282654671
1736,2,1426,-524596.282654671
1737,2,1428,-524596.282654671
1738,2,1430,-524596.282654671
1739,2,1432,-524596.282654671
1740,2,1434,-524596.282654671
1741,2,1436,-524596.282654671
1742,2,1438,-524596.282654671
1743,2,1440,-524596.282654671
1744,2,1442,-524596.282654671
1745,2,1444,-524596.282654671
1746,2,1446,-524596.282654671
1747,2,1448,-524596.282654671
1748,2,1450,-524596.282654671
1749,2,1452,-524596.282654671
1750,2,1454,-524596.282654671
1751,2,1456,-524596.282654671
1752,2,1458,-524596.282654671
1753,2,1460,-524596.282654671
1754,2,1462,-524596.282654671
1755,2,1464,-524596.282654671
1756,2,1466,-524596.282654671
1757,2,1468,-524596.282654671
1758,2,1470,-524596.282654671
1759,2,1472,-524596.282654671
1760,2,1474,-524596.282654671
1761,2,1476,-524596.282654671
1762,2,1478,-524596.282654671
1763,2,1480,-524596.282654671
1764,2,1482,-524596.282654671
1765,2,1484,-524596.282654671
1766,2,1486,-524596.282654671
1767,2,1488,-524596.282654671
1768,2,1490,-524596.282654671
1769,2,1492,-524596.282654671
1770,2,1494,-524596.282654671
1771,2,1496,-524596.282654671
1772,2,1498,-524596.282654671
1773,2,1500,-524596.282654671
1774,2,1502,-524596.282654671
1775,2,1504,-524596.282654671
1776,2,1506,-524596.282654671
1777,2,1508,-524596.282654671
1778,2,1510,-524596.282654671
1779,2,1512,-524596.282654671
1780,2,1514,-524596.282654671
1781,2,1516,-524596.282654671
1782,2,1518,-524596.282654671
1783,2,1520,-524596.282654671
1784,2,1522,-524596.282654671
1785,2,1524,-524596.282654671
1786,2,1526,-524596.282654671
1787,2,1528,-524596.282654671
1788,2,1530,-524596.282654671
1789,2,1532,-524596.282654671
1790,2,1534,-524596.282654671
1791,2,1536,-524596.282654671
1792,2,1538,-524596.282654671
1793,2,1540,-524596.282654671
1794,2,1542,-524596.282654671
1795,2,1544,-524596.282654671
1796,2,1546,-524596.282654671
1797,2,1548,-524596.282654671
1798,2,1550,-524596.282654671
1799,2,1552,-524596.282654671
1800,2,1554,-524596.282654671
1801,2,1556,-524596.282654671
1802,2,1558,-524596.282654671
1803,2,1560,-524596.282654671
1804,2,1562,-524596.282654671
1805,2,1564,-524596.282654671
1806,2,1566,-524596.282654671
1807,2,1568,-524596.282654671
1808,2,1570,-524596.282654671
1809,2,1572,-524596.282654671
1810,2,1574,-524596.282654671
1811,2,1576,-524596.282654671
1812,2,1578,-524596.282654671
1813,2,1580,-524596.282654671
1814,2,1582,-524596.282654671
1815,2,1584,-524596.282654671
1816,2,1586,-524596.282654671
1817,2,1588,-524596.282654671
1818,2,1590,-524596.282654671
1819,2,1592,-524596.282654671
1820,2,1594,-524596.282654671
1821,2,1596,-524596.282654671
1822,2,1598,-524596.282654671
1823,2,1600,-524596.282654671
1824,2,1602,-524596.282654671
1825,2,1604,-524596.282654671
1826,2,1606,-524596.282654671
1827,2,1608,-524596.282654671
1828,2,1610,-524596.282654671
1829,2,1612,-524596.282654671
1830,2,1614,-524596.282654671
1831,2,1616,-524596.282654671
1832,2,1618,-524596.282654671
1833,2,1620,-524596.282654671
1834,2,1622,-524596.282654671
1835,2,1624,-524596.282654671
1836,2,1626,-524596.282654671
1837,2,1628,-524596.282654671
1838,2,1630,-524596.282654671
1839,2,1632,-524596.282654671
1840,2,1634,-524596.282654671
1841,2,1636,-524596.282654671
1842,2,1638,-524596.282654671
1843,2,1640,-524596.282654671
1844,2,1642,-524596.282654671
1845,2,1644,-524596.282654671
1846,2,1646,-524596.282654671
1847,2,1648,-524596.282654671
1848,2,1650,-524596.282654671
1849,2,1652,-524596.282654671
1850,2,1654,-524596.282654671
1851,2,1656,-524596.282654671
1852,2,1658,-524596.282654671
1853,2,1660,-524596.282654671
1854,2,1662,-524596.282654671
1855,2,1664,-524596.282654671
1856,2,1666,-524596.282654671
1857,2,1668,-524596.282654671
1858,2,1670,-524596.282654671
1859,2,1672,-524596.282654671
1860,2,1674,-524596.282654671
1861,2,1676,-524596.282654671
1862,2,1678,-524596.282654671
1863,2,1680,-524596.282654671
1864,2,1682,-524596.282654671
1865,2,1684,-524596.282654671
1866,2,1686,-524596.282654671
1867,2,1688,-524596.282654671
1868,2,1690,-524596.282654671
1869,2,1692,-524596.282654671
1870,2,1694,-524596.282654671
1871,2,1696,-524596.282654671
1872,2,1698,-524596.282654671
1873,2,1700,-524596.282654671
1874,2,1702,-524596.282654671
1875,2,1704,-524596.282654671
1876,2,1706,-524596.282654671
1877,2,1708,-524596.282654671
1878,2,1710,-524596.282654671
1879,2,1712,-524596.282654671
1880,2,1714,-524596.282654671
1881,2,1716,-524596.282654671
1882,2,1718,-524596.282654671
1883,2,1720,-524596.282654671
1884,2,1722,-524596.282654671
1885,2,1724,-524596.282654671
1886,2,1726,-524596.282654671
1887,2,1728,-524596.282654671
1888,2,1730,-524596.282654671
1889,2,1732,-524596.282654671
1890,2,1734,-524596.282654671
1891,2,1736,-524596.282654671
1892,2,1738,-524596.282654671
1893,2,1740,-524596.282654671
1894,2,1742,-524596.282654671
1895,2,1744,-524596.282654671
1896,2,1746,-524596.282654671
1897,2,1748,-524596.282654671
1898,2,1750,-524596.282654671
1899,2,1752,-524596.282654671
1900,2,1754,-524596.282654671
1901,2,1756,-524596.282654671
1902,2,1758,-524596.282654671
1903,2,1760,-524596.282654671
1904,2,1762,-524596.282654671
1905,2,1764,-524596.282654671
1906,2,1766,-524596.282654671
1907,2,1768,-524596.282654671
1908,2,1770,-524596.282654671
1909,2,1772,-524596.282654671
1910,2,1774,-524596.282654671
1911,2,1776,-524596.282654671
1912,2,1778,-524596.282654671
1913,2,1780,-524596.282654671
1914,2,1782,-524596.282654671
1915,2,1784,-524596.282654671
1916,2,1786,-524596.282654671
1917,2,1788,-524596.282654671
1918,2,1790,-524596.282654671
1919,2,1792,-524596.282654671
1920,2,1794,-524596.282654671
1921,2,1796,-524596.282654671
1922,2,1798,-524596.282654671
1923,2,1800,-524596.282654671
1924,2,1802,-524596.282654671
1925,2,1804,-524596.282654671
1926,2,1806,-524596.282654671
1927,2,1808,-524596.282654671
1928,2,1810,-524596.282654671
1929,2,1812,-524596.282654671
1930,2,1814,-524596.282654671
1931,2,1816,-524596.282654671
1932,2,1818,-524596.282654671
1933,2,1820,-524596.282654671
1934,2,1822,-524596.282654671
1935,2,1824,-524596.282654671
1936,2,1826,-524596.282654671
1937,2,1828,-524596.282654671
1938,2,1830,-524596.282654671
1939,2,1832,-524596.282654671
1940,2,1834,-524596.282654671
1941,2,1836,-524596.282654671
1942,2,1838,-524596.282654671
1943,2,1840,-524596.282654671
1944,2,1842,-524596.282654671
1945,2,1844,-524596.282654671
1946,2,1846,-524596.282654671
1947,2,1848,-524596.282654671
1948,2,1850,-524596.282654671
1949,2,1852,-524596.282654671
1950,2,1854,-524596.282654671
1951,2,1856,-524596.282654671
1952,2,1858,-524596.282654671
1953,2,1860,-524596.282654671
1954,2,1862,-524596.282654671
1955,2,1864,-524596.282654671
1956,2,1866,-524596.282654671
1957,2,1868,-524596.282654671
1958,2,1870,-524596.282654671
1959,2,1872,-524596.282654671
1960,2,1874,-524596.282654671
1961,2,1876,-524596.282654671
1962,2,1878,-524596.282654671
1963,2,1880,-524596.282654671
1964,2,1882,-524596.282654671
1965,2,1884,-524596.282654671
1966,2,1886,-524596.282654671
1967,2,1888,-524596.282654671
1968,2,1890,-524596.282654671
1969,2,1892,-524596.282654671
1970,2,1894,-524596.282654671
1971,2,1896,-524596.282654671
1972,2,1898,-524596.282654671
1973,2,1900,-524596.282654671
1974,2,1902,-524596.282654671
1975,2,1904,-524596.282654671
1976,2,1906,-524596.282654671
1977,2,1908,-524596.282654671
1978,2,1910,-524596.282654671
1979,2,1912,-524596.282654671
1980,2,1914,-524596.282654671
1981,2,1916,-524596.282654671
1982,2,1918,-524596.282654671
1983,2,1920,-524596.282654671
1984,2,1922,-524596.282654671
1985,2,1924,-524596.282654671
1986,2,1926,-524596.282654671
1987,2,1928,-524596.282654671
1988,2,1930,-524596.282654671
1989,2,1932,-524596.282654671
1990,2,1934,-524596.282654671
1991,2,1936,-524596.282654671
1992,2,1938,-524596.282654671
1993,2,1940,-524596.282654671
1994,2,1942,-524596.282654671
1995,2,1944,-524596.282654671
1996,2,1946,-524596.282654671
1997,2,1948,-524596.282654671
1998,2,1950,-524596.282654671
1999,2,1952,-524596.282654671
2000,2,1954,-524596.282654671
2001,2,1956,-524596.282654671
2002,2,1958,-524596.282654671
2003,2,1960,-524596.282654671
2004,2,1962,-524596.282654671
2005,2,1964,-524596.282654671
2006,2,1966,-524596.282654671
2007,2,1968,-524596.282654671
2008,2,1970,-524596.282654671
2009,2,1972,-524596.282654671
2010,2,1974,-524596.282654671
2011,2,1976,-524596.282654671
2012,2,1978,-524596.282654671
2013,2,1980,-524596.282654671
2014,2,1982,-524596.282654671
2015,2,1984,-524596.282654671
2016,2,1986,-524596.282654671
2017,2,1988,-524596.282654671
2018,2,1990,-524596.282654671
2019,2,1992,-524596.282654671
2020,2,1994,-524596.282654671
2021,2,1996,-524596.282654671
2022,2,1998,-524596.282654671
2023,2,2000,-524596.282654671
2024,2,2002,-524596.282654671
2025,2,2004,-524596.282654671
2026,2,2006,-524596.282654671
2027,2,2008,-524596.282654671
2028,2,2010,-524596.282654671
2029,2,2012,-524596.282654671
2030,2,2014,-524596.282654671
2031,2,2016,-524596.282654671
2032,2,2018,-524596.282654671
2033,2,2020,-524596.282654671
2034,2,2022,-524596.282654671
2035,2,2024,-524596.282654671
2036,2,2026,-524596.282654671
2037,2,2028,-524596.282654671
2038,2,2030,-524596.282654671
2039,2,2032,-524596.282654671
2040,2,2034,-524596.282654671
2041,2,2036,-524596.282654671
2042,2,2038,-524596.282654671
2043,2,2040,-524596.282654671
2044,2,2042,-524596.282654671
2045,2,2044,-524596.282654671
2046,2,2046,-524596.282654671
2047,2,2048,-524596.282654671
